-4.785508968042532585e-07
1.685896600848617511e-06
-1.326890647290740257e-06
1.401566462271914464e-06
3.995661259210587526e-08
-1.529875083232155097e-06
-3.398381296055839228e-06
-2.289759860407632229e-06
6.073823625955403000e-06
4.782043513916460740e-06
1.423182132482979213e-06
-6.724996899436590282e-06
-3.946632440001638566e-06
-2.322375737771397526e-06
6.340676095605469652e-06
4.056719751518843913e-06
-7.689498219304628860e-07
-3.375780544365040368e-06
-4.343289917526464163e-07
1.861968882705581103e-06
-1.151642968853495095e-06
1.703471230291279286e-06
-2.715971523252190566e-06
1.246674215298548220e-06
-3.133870805008644446e-06
1.202873036845625998e-06
1.110545680516834412e-06
4.571511666620931848e-07
7.340089529640178882e-08
-2.412224141626249333e-07
2.492587081236634437e-07
6.310294200547996108e-07
-3.967813152231358372e-07
1.002209407287742431e-06
1.486515711381475693e-06
-2.039551979628622432e-06
-1.317253230225619968e-06
-5.076077375490990453e-06
5.063556574541068890e-06
3.877637138160908923e-06
6.223971378838415421e-06
-9.346686421938132605e-06
-4.124837811451506601e-06
-7.928848970275464200e-06
1.151795709587828295e-05
2.452295554386389300e-06
7.199439077711542648e-06
-9.676087752593596483e-06
-1.544769932616110378e-06
-6.248670091460221821e-06
8.317747571259287673e-06
-1.178632516976430393e-06
6.236658304614905565e-06
-5.650772661998259668e-06
-1.188317042561345575e-06
-1.870527680277256499e-06
3.045425305826728180e-06
4.288704069235015596e-06
-3.322470987119877878e-06
-4.767145881799919653e-07
-1.988643609185255013e-06
2.301411902317372952e-06
-8.987260062856653213e-07
3.747988942979193658e-06
-3.366735065347180940e-06
6.134429634966975998e-07
-3.799106454924068990e-06
3.274057156793844926e-06
5.312029199542234772e-07
3.989950941589920903e-06
-4.256235513373487720e-06
-5.937451859730509456e-07
-4.982345585935652295e-06
5.994162968491019555e-06
-9.091733248046981563e-07
5.020978589350667427e-06
-5.557670530869892453e-06
1.271696976102634216e-07
-3.596530404616927939e-06
8.116669898315163603e-07
3.111186703287429308e-06
2.758893899782216251e-06
4.215598486299747744e-06
-7.286091022846447057e-06
-5.743402259401806781e-06
-1.672195807914163262e-06
7.670887100531405506e-06
7.802624279894862497e-06
-9.343404026977081490e-07
-6.737323900516360330e-06
-5.802472819072566695e-06
4.733322672192772986e-06
8.834310953179055654e-07
1.128198151709297999e-06
-3.023532636199077468e-06
2.059586023599501499e-06
2.236497576250660968e-06
-2.714172174858437672e-06
7.430713799992762889e-07
-4.162721888075606758e-06
6.466389005574310645e-07
4.019106578571228136e-06
3.888468806625927537e-06
4.434583346374321869e-06
-9.311917578631121465e-06
-6.809518144954321048e-06
-2.448749543856709654e-06
9.725174507223544311e-06
6.412094058482349929e-06
5.311299972213867962e-06
-1.214897104525063362e-05
-7.201400926918420423e-06
-9.262057310012327034e-08
7.347276513747113316e-06
2.882476741696583111e-06
-2.931191823923650968e-06
-7.961992892867337396e-07
-3.224473904403470163e-06
5.858853362896743560e-06
-1.826307726438669956e-06
3.630256219886106894e-06
-3.102816012401388823e-06
-5.387666822441740627e-07
-2.297982199640883098e-06
1.875966494967769153e-07
1.971402317626428429e-06
4.486656524869205742e-06
-1.981965856074098927e-06
-3.147082753358043707e-06
-8.229935512599370506e-06
-5.245129936002531084e-07
8.611735442535656531e-06
4.998789536213220693e-06
1.229277335137282056e-05
-1.529063077057753184e-05
-5.871647740151281560e-06
-1.679288483122459450e-05
2.108297375365981026e-05
6.494310633359504232e-06
1.528663938861340055e-05
-2.055597059539904437e-05
-4.484104065813239516e-06
-1.008699104948517812e-05
1.375676776201501524e-05
3.390922171860319578e-06
3.776116494706821097e-06
-6.964182849114934854e-06
3.207640000690122471e-06
-6.771293563699984130e-06
3.362533941581265961e-06
-4.302732893979442092e-06
7.242745468183430383e-06
-2.060819064297126816e-06
-8.230952544919297840e-07
2.700296382859618174e-06
-3.346654233113044140e-06
-1.315336648517717166e-07
-3.267435264546623250e-06
5.049385078970389498e-06
-6.205097689671685776e-07
2.290578729859814631e-06
-4.215499452369123239e-06
-9.105060488645723817e-07
-1.183277528394680055e-06
3.804215409266672895e-06
-6.994563098306069097e-07
6.317921070333848389e-07
2.191286931268956480e-07
4.369733839953185124e-06
-3.129505301328316664e-06
-7.908206924238521160e-07
-3.246565560250235530e-06
3.796245368469478601e-06
-5.789576931662772659e-07
2.124504276327069489e-06
1.104403529261358322e-06
-3.785394007774664325e-06
-2.136586310575070260e-06
-7.718796867317714722e-06
1.004030541241198663e-05
5.712001337296192798e-06
4.584300907217142292e-07
-6.629774752120057106e-06
-1.038951682944004904e-05
5.921021869643567335e-06
4.660187194151781317e-06
9.255402033818457870e-06
-1.141691993114230016e-05
2.243119980986011379e-06
-4.813675658895650700e-06
9.809869178025682553e-06
-5.515936640306182002e-06
-2.376639712823395956e-06
2.657021336009488921e-06
-9.035486762287216358e-07
5.531262329596289937e-06
-3.418743430373473953e-06
-2.179067720485757968e-06
-1.668004210463763859e-06
-2.830807332023959159e-06
4.754322864500198669e-06
4.244810349035954596e-06
1.836095220110515891e-06
-5.166732121182145927e-06
-4.944734348146650140e-06
-4.984515099369586009e-06
9.637949002824430046e-06
6.882841305842031851e-06
-2.517120928213126732e-06
-4.278871959655065898e-06
-4.525285186224726257e-06
1.411050327334991879e-05
-8.855101601271128808e-06
1.371529593546971955e-06
-1.734740364520422442e-05
1.483613939849164938e-05
8.446807448357294675e-07
6.546367346059263126e-06
-7.075574343304516246e-06
-8.033122906773162446e-07
-1.268830101251885003e-06
4.470599252125050289e-07
-3.233252867728645953e-06
2.032517586066763636e-06
4.585719126271965461e-06
8.262271848050927877e-06
-1.046332074695421388e-06
-8.561826286646729751e-06
-3.434426278211143636e-06
-7.017371745010487360e-06
9.303290313195723319e-06
2.138771839311960309e-06
1.085165039767404528e-05
-1.241992011407578763e-05
-1.588991954093314004e-06
-1.169773308148845073e-05
1.320531938702489740e-05
4.669047233468091819e-07
7.442799263223741737e-06
-7.569759201729219613e-06
-4.212899921796173664e-08
1.181491889844232812e-06
-1.046485061074793829e-06
-4.347676206689224125e-06
8.116542737607158770e-07
4.314874999509484831e-06
7.741969603797768356e-06
-4.551928537214978720e-06
-4.058764027571075601e-06
-3.781899690955767087e-06
-4.559091684834036084e-06
9.627659418031830776e-06
2.758419108201165660e-06
5.481736600580263479e-06
-9.436210524076928404e-06
2.112199226479395474e-06
-5.264732219505360877e-06
4.208253263055715694e-06
-9.519940359807642187e-08
-3.490486689480466916e-06
2.254113559492116294e-06
2.402904549952215581e-06
6.589590844845699517e-06
-8.684076757327211229e-06
-7.851645396981083808e-06
6.025729719397767611e-07
6.762586925850715169e-06
5.343735590663160632e-06
-3.809709224363493737e-06
-1.721282533440122550e-06
-3.542947715115451405e-06
-4.744313986408319177e-07
4.613363657958141161e-06
3.121100352969131974e-06
8.588645072979739551e-06
-1.159393537545597495e-05
-8.890738373499620296e-06
4.146480087416026480e-06
4.694047997725702057e-06
1.348936724587829233e-05
-1.119633112711343952e-05
-3.074576991183691202e-06
-1.047650959027138919e-05
1.424144347774848975e-05
-3.844628918157751922e-06
6.482443749158010778e-06
-1.243746121237608373e-05
6.870104094164986253e-06
-1.420840603224638246e-06
-1.964332038979866714e-06
4.180593040488516510e-06
-1.089874125350417093e-06
3.613909154182741635e-06
-3.236787104613394888e-06
-2.408059532324841398e-06
4.409590737063970318e-06
-1.331681031104339853e-06
5.755192661729226683e-07
-7.134048225918275757e-06
5.653175089094365494e-06
4.862316951129518316e-07
5.883700289208438483e-06
-6.137437609853807775e-06
-1.304699783109307203e-06
-1.428107554834108510e-06
2.008119748572828421e-06
1.069436052067913618e-06
-1.036179650167048455e-05
9.632150208652945177e-06
2.480793002593678463e-06
1.613289873377017202e-05
-1.721896470877961685e-05
-2.472811695722954935e-06
-4.826006990535023478e-06
7.850475806021721482e-06
7.776414165908269430e-07
1.268795515702548994e-06
-2.415253318901015042e-06
4.277257737198280259e-06
-5.477767177787172426e-06
-1.791970791803611056e-06
-8.744735607936813773e-06
4.383510365797002790e-06
4.996895104924203146e-06
1.117188013772193463e-06
3.679716934862932516e-06
-3.832750690853788485e-06
1.564559652673828246e-06
-4.910197967862643711e-06
3.708170350520027557e-06
-2.571606683971159559e-06
7.110723807593479585e-06
-5.047670060672150496e-06
1.909325727320124584e-06
-7.578917918470317973e-06
6.322988603912625184e-06
-2.518186481007819244e-06
1.163507870450603658e-06
-5.085774729053868536e-07
3.358758342932112968e-06
1.195301517272809526e-06
-4.409854837358631508e-06
-3.913856158989535561e-06
-4.110090353112214809e-06
7.574019776419149579e-06
-1.859502090474152427e-06
1.576360410171749333e-05
-1.410424520254016123e-05
1.956928321215762570e-07
-1.118056661171032125e-05
1.244833898597401437e-05
-5.467532934544915769e-06
1.053903620157804974e-05
-6.538776889447442926e-06
8.414298692988827083e-07
-4.118036056755607316e-07
5.064384870614902424e-07
-1.796242140562890481e-06
-5.218713716199181382e-06
6.578190991641148890e-06
6.542709209101177136e-06
-3.160136083847950448e-07
-5.604879597849071656e-06
-5.623211499301504875e-06
4.026800529354450088e-06
1.053105645126215707e-06
4.716296082630754130e-06
5.615190383442692019e-07
-4.870469002305505510e-06
-6.912023374972717747e-06
-6.272339695865810570e-06
1.253481702005039184e-05
1.534914411837000716e-05
-1.015837546451720419e-05
-4.802161928571258833e-06
-1.416888690106730927e-05
8.996972257308265839e-06
5.984574806863774272e-06
7.826070094659297050e-06
-5.935488288498823675e-06
-2.053255686479508606e-06
-4.855723265768872087e-06
6.313586644880235196e-06
-1.994131413411453474e-06
3.492317597419585174e-06
4.576523046429781228e-07
-4.198486853040880533e-06
-3.146316810686071748e-06
-1.138156331511009525e-06
4.751149525555563935e-06
4.348477324164390744e-06
-2.298155467816997795e-06
-3.209661979689635367e-06
2.530072925857219861e-06
2.071750002709315462e-06
-3.881343462913860364e-06
-3.122192653802629650e-06
-6.137319680723481239e-07
3.803585062705178343e-06
-4.594344794009943178e-07
3.157351850891286263e-06
-1.786180195721455432e-06
5.459468534674026877e-07
-2.202818843527936326e-07
2.873163398374418498e-08
-2.702329166050350680e-06
-6.422318375031410272e-06
5.882490138072578461e-06
1.342866369966100121e-07
-1.193423212779932063e-06
1.417878406964794485e-06
3.304833274545925756e-06
-4.319750894465479842e-06
-3.708659153049524444e-07
-7.645837117975602798e-06
1.300257583142919575e-05
2.747954392982320557e-06
1.396153215117181589e-05
-1.098862051115258588e-05
-3.037939573449192203e-06
-7.285867004094095345e-06
6.838011169995166909e-06
-2.189006889707340726e-06
2.672773178846304457e-06
-8.395759523848406799e-06
5.915938659214915260e-06
2.445544904172797231e-06
-1.541619395927019472e-06
-1.750034375170410373e-06
-2.221035946007432873e-06
6.760815704248715905e-06
-5.180893101199739777e-06
5.427805634784440436e-06
-2.775245514703422592e-07
-1.762908048445119269e-06
-5.076453018293147993e-06
-2.753485339426507613e-06
6.064468355938191271e-06
1.819801417149083180e-06
1.115899791502433056e-05
-1.155094687125054144e-05
3.336058005221902454e-06
-2.054189074845816658e-05
1.672738157972196972e-05
3.651119113281720463e-06
9.894156192519376437e-06
-1.402810592315096752e-05
-2.612695224110199015e-08
-9.450592532412030922e-06
9.920659949966687392e-06
5.740691849568168862e-06
1.628629798530720194e-06
-7.347696772262531629e-06
-6.825308207019374526e-06
9.941136251411806976e-06
-3.291833256352966162e-06
2.239863950094106448e-06
-1.123118420354590989e-05
7.962991256967353422e-06
4.665641009457932966e-07
5.652880777384624696e-06
-4.341456941170360600e-06
-1.798996166653078408e-06
-7.938105186015687297e-06
8.764189447371992548e-06
9.426562367789720212e-06
4.883986285223157042e-06
-1.357083993317822300e-05
-1.945480588989646593e-05
1.185674498600716235e-05
7.363039784400048538e-06
1.383426559025163798e-05
-4.545064029890901386e-06
-1.040867500800935627e-05
-3.201153800837627138e-06
-7.306571766672118870e-06
1.158712693680490478e-05
1.854331940368491948e-06
3.624739609366296224e-06
-6.507328045668145014e-06
-3.757561813388313464e-06
2.607431981296995674e-06
1.205185752126212889e-06
2.878499562585014687e-06
-6.775645000936594560e-07
-2.609105228181097811e-06
-4.970710611932954446e-06
2.684830745322208941e-06
2.966744375600499392e-06
-2.716668976163572099e-06
-1.968144641580275479e-06
4.276937203416918126e-06
1.239562992237056111e-06
2.766627471627052697e-06
-4.571174266292590584e-06
3.926621550284488141e-06
-3.258659357668461972e-06
-1.247172068128873099e-06
-3.527211995511281661e-06
1.971393409124171223e-06
5.365467845846299264e-07
3.501848967666409463e-06
1.223951981935619290e-06
1.131635352299427644e-07
1.463818257880765099e-07
5.142177249463346112e-06
-8.085014715098319142e-06
-2.373935180240006335e-06
5.086759057284548195e-06
2.915440761983107116e-06
2.487857557858970629e-06
-1.268185752854706190e-05
-3.934630902755238357e-06
-7.302484281933636996e-06
8.723481409831402862e-06
3.387939300157947971e-06
3.139134598160282432e-06
-6.754542927755301663e-06
4.335561959037827868e-06
6.449438661197264642e-07
7.804471349754854296e-06
-7.845629512799254585e-06
-6.228481902518595448e-06
3.696373465160187986e-07
6.941591507589333718e-06
5.972247053085864236e-06
-5.305784415591567799e-06
1.571363678219879229e-07
-7.823844851057729232e-06
1.881514645513601160e-06
1.000538912977669259e-06
6.358916641245245603e-06
-3.451081614053431144e-06
-2.598530716912038298e-07
-4.458227494552681309e-06
1.352721562860803010e-08
2.120879251604334826e-06
2.485814959132881402e-06
7.128125254934461054e-06
-8.862011682600178585e-06
-8.805317313712236776e-06
-2.479763505461727427e-07
9.473801979153908761e-06
2.571478836929875054e-06
5.514548740796261454e-06
-8.244756051171702214e-06
-6.997337547472263906e-06
-2.321757540207260574e-07
7.381417600804248956e-06
8.092554167537028737e-06
-1.271424652818867868e-05
4.709337348799425795e-06
-2.974146585078630849e-06
1.188174364928480926e-05
-7.951016838462809558e-06
1.368000454608648680e-06
-6.025810146086254355e-06
3.486505353313131386e-06
-1.620688903339194853e-06
8.331867747360232745e-06
-6.130119729358006806e-06
-5.742042763305612500e-06
-3.026595785495755910e-06
8.455135701225970142e-06
1.682852723934893959e-05
-1.487372696174491748e-05
-2.126801133336352859e-06
-1.170565806455006736e-05
9.286378505061758013e-06
3.498620635506135483e-06
3.674666276267345415e-07
3.543775607696806557e-06
-5.138708290238127040e-06
6.897765092578384856e-08
-3.584073593566897495e-06
4.448728302541978089e-06
4.500746165995733416e-06
-7.425690345612701207e-06
2.372878631745808977e-06
-2.977890962353283825e-06
3.250035744402563708e-06
-5.428736509053336382e-07
4.586090555783667003e-06
-2.418882967060029206e-06
-2.069105097784121248e-06
1.460442689679680181e-06
1.352419466455019381e-06
-1.498874561647393742e-06
1.946883219058509811e-06
-4.052993047560484103e-06
7.408973323302327685e-07
-4.810001294703320613e-06
5.229411730853313116e-06
2.391204923462911383e-06
2.981038884210198789e-06
-3.075671711194181057e-06
7.044070345025576509e-07
8.686856711535459488e-07
-3.863190064886107510e-06
-3.232903912887583591e-06
-6.947250423422553193e-06
4.928416825944470164e-06
4.791594225113796032e-06
1.114756751300608339e-05
-1.303613712553801955e-05
3.053013130481574459e-06
-1.034107360206849927e-05
1.399817776030336811e-05
-3.123926025538290843e-06
5.923506351254033624e-06
-9.758350447186231160e-06
2.548390617220842009e-06
1.169233742486822409e-06
6.866464719708451425e-06
-6.027930150037447135e-06
-2.022507719155898380e-06
-3.953352215779306001e-07
5.128569526599482598e-07
7.574291105338743592e-06
-9.469833529075117766e-06
2.577621912520287840e-07
-7.485200779160980621e-06
9.464150127924465296e-06
-4.441313403619685664e-06
6.516745855935695072e-06
-3.978883992253748717e-06
6.568068788776487512e-06
-3.787939818394930804e-06
6.823267708645337174e-06
-6.299206545237481037e-06
7.878664747909327744e-06
-8.581754943755880632e-06
7.075568507215707812e-06
-9.986927613355474473e-06
4.847359880333486723e-06
2.720341349980470272e-06
1.237483387016604972e-05
-8.555742907460377644e-06
-4.210588970504732092e-06
-4.666957179331691484e-06
-6.473233626126974395e-07
4.778725632334340316e-06
5.537464622739087617e-06
3.092032212051145290e-06
-8.848857857990475445e-06
-5.930620643408604505e-06
6.361119365891256338e-06
-5.464273496838772181e-07
1.072195027271207183e-06
-4.364550848773722353e-06
2.813654783995450733e-06
-3.197759591458022651e-06
6.165263415278738246e-06
-2.257721818587510258e-06
6.397546781454758780e-06
-1.095298982644028364e-05
4.104411598216065370e-06
-1.020880698142864505e-06
7.340874108480681861e-06
-6.091108242545502819e-06
-8.060536845867892705e-06
8.380817022417827374e-06
8.967374669283972260e-08
5.121643916189192299e-06
-5.724164751454640602e-06
-7.228235970908369069e-07
5.331960071142866130e-07
1.758654257127271119e-06
-1.158700074641070609e-06
-1.026342583222177818e-06
2.425816127559191120e-07
-2.313094829322674358e-07
-5.559726914231867975e-06
1.094351196122452133e-05
-4.478321082526519911e-06
5.523009197169233484e-06
-7.940052362084490051e-06
1.894693907671237895e-06
-7.510520241599317708e-06
6.220939294747169925e-06
8.177473536996406980e-07
1.955057953630527485e-06
-4.582231196855874298e-06
1.860750786159234599e-06
-5.568806579411958907e-06
7.320843940455894314e-06
-1.530792800865635436e-06
4.754717578532175135e-06
-1.005992960332104915e-05
2.402939387105119484e-06
-6.786558900501043649e-08
7.042749217890863992e-06
-4.090961702816242108e-06
-2.022812516234391818e-06
2.688439758356591527e-06
8.968429861967569313e-06
8.792045383132708719e-06
-6.717176487745730112e-06
-7.007679470389830090e-06
-1.388931481041703189e-05
1.713038673672258230e-05
-1.432979888661660609e-06
1.129765335638496551e-05
-1.527970610453688815e-05
1.230817342597015661e-06
-5.219350771370707138e-06
5.365623872441497411e-06
-3.758912404863320775e-06
-1.773011653728982210e-06
-5.123217468813197131e-06
1.027982798660580126e-05
-1.209090252881267263e-07
1.686378627606965320e-06
-1.784043690873296975e-06
-6.526144273461450904e-06
1.110617945638575795e-05
-1.911417174393416170e-06
1.051216159717012090e-05
-1.413947219921821639e-05
7.506324835614659636e-06
-9.024478005499191559e-06
9.835582270178033369e-06
-1.053249207492777488e-05
3.698394153054139271e-06
-7.230120985232223214e-06
7.613570446760757545e-06
-8.925824207376739487e-06
5.158814662470147000e-06
-9.273902741213529321e-06
1.317077001029265710e-05
-5.632259157000417822e-06
2.881714301489500312e-06
-1.430811727292165680e-05
1.319653636781338804e-05
-1.807675495195362446e-06
9.838929469153576395e-06
-1.028846944372193640e-05
2.712401265778640858e-06
-7.297511765173707207e-06
5.723942417785996998e-06
9.180378077685811456e-07
5.296804241105052707e-06
-1.097470889109660781e-05
5.639891718452284060e-06
-1.997585173518993652e-06
8.820021861937722902e-06
-6.357966214060001689e-06
7.705486227252491494e-06
-1.229457812968200357e-05
4.066472581571218170e-06
-1.117765574761428124e-05
1.548145491454192539e-05
-4.099142544605797561e-06
5.626736839418287070e-06
-1.143225241789444930e-05
5.497411332977985199e-06
4.147689253256594221e-06
-9.310570069454551770e-07
-2.983892990889214884e-06
-4.235460252487291024e-06
1.900862701520072294e-06
2.933507755708423441e-06
-3.655708602593632950e-08
-1.613871920072742887e-06
1.196110625000411842e-06
1.836923704654701150e-06
3.921049401475842119e-07
-9.588027526629742362e-07
6.585005341019767475e-06
-1.363801651041761655e-05
7.247842235447035491e-06
-9.449071235733758206e-06
1.482388154860250814e-05
-5.656826428022300191e-06
1.121298088942767590e-05
-1.171461510494273770e-05
2.402402543908144342e-06
-3.241540737574028379e-06
4.526504851766910097e-06
-2.759651546022983618e-06
7.773078174682876247e-06
-7.376209663866321371e-06
3.980157397357284387e-06
-6.216142747350216605e-06
8.776013775127860486e-06
-2.851589950485045910e-06
-5.167337139348578408e-06
-4.398674107836562041e-07
-7.349483739466605134e-06
6.210239514669888962e-06
-9.767953345343282937e-06
8.630585352094359702e-07
-9.951601183758733459e-06
1.581716398792843182e-05
1.566030202896353128e-06
1.748957162195842084e-05
-2.413946595823025939e-05
9.124937421781945861e-06
-1.471280024128022423e-05
2.401382619644998806e-05
-1.090408053813292472e-05
6.648114186553917549e-06
-1.665799154568206453e-05
1.102717078382614730e-05
8.989754296019015155e-08
1.036798064260659541e-05
-1.150806485370443185e-05
3.230383516693210435e-06
-4.933196542579855885e-06
3.476478203605333689e-06
2.614474814343796728e-06
-3.246838127076819017e-06
-3.508902008769065324e-06
-5.439477730683187630e-06
7.501204205759438910e-06
-5.672522016075142552e-07
3.203172642360048041e-06
-6.040696912016034600e-06
3.094883843964129906e-06
1.794785928383167998e-06
4.253576814432263981e-07
-1.715788419512511865e-06
4.478250092304796949e-06
-3.459692077182811782e-06
5.130290984850065476e-06
-1.195930055485370005e-05
7.880293009003716900e-06
-5.739864944306972981e-06
1.340905811430207690e-05
-1.068524132025772222e-05
5.130995100100790244e-06
-1.043515200943853218e-05
9.343527558724604292e-06
-3.642029716442136625e-06
6.591623395991690054e-06
-8.904818683604305460e-06
3.703278652467386254e-06
-1.590563953614522049e-06
1.205305673291983290e-05
-1.042301994712147768e-05
-1.791458403056742849e-06
-8.199760862553737991e-06
1.002788582887734317e-05
-5.156685825136567801e-06
9.821645414571113559e-06
-4.310529190673159814e-06
8.451900796963800940e-06
-9.723814924648954615e-06
9.395961107889488742e-07
-3.553629593714434430e-06
5.355241836819594716e-06
-1.152568099467142260e-06
-5.811745889083528991e-06
1.588089149621483332e-06
4.000568086420836389e-06
5.588119507881595755e-06
-1.983006677502827434e-06
-3.575747741772110962e-06
-7.248149414741573111e-07
-4.192257234209020790e-07
1.522215560010105231e-06
-1.480383872397633888e-06
7.969580093414599332e-07
1.468419256231328685e-08
-7.088114394772817050e-06
1.782491267093180804e-05
-1.055864876820409247e-05
1.333560203084982457e-05
-2.215764821876701845e-05
8.319518391224084300e-06
-1.577573811471391874e-05
2.118967311494326293e-05
-6.425709315621142139e-06
4.752168975575734022e-06
-1.051583314132271788e-05
6.503634825530710495e-06
-3.363653051078207111e-06
9.280347550651601074e-06
-8.820923077808800707e-06
3.484433485433900955e-06
-8.459250133985980974e-06
8.812037998825372260e-06
3.136160927648798406e-06
1.910073274137541179e-06
2.429318761367474606e-06
-6.599573732639325533e-06
3.144927146655861590e-06
-1.047340864409297455e-06
3.912887698825367857e-06
-8.519404668525977503e-06
-4.521752437895057810e-06
-7.930674779191377175e-06
1.829984151350324412e-05
-3.854469485722113649e-06
7.349519626566968640e-06
-1.761135805819069990e-05
7.726279055723397454e-06
-4.398548494741568292e-06
1.477503883892855019e-05
-9.700257935819332100e-06
1.799499455791730294e-06
-1.455496746717529116e-05
8.668597030948046629e-06
-3.890138174690451302e-06
1.120372490184479635e-05
-3.452045097678992357e-06
2.659422361187466617e-06
-4.409159663632725954e-06
7.900688154254793892e-06
3.430865574056012914e-07
-3.808709406096571159e-08
-1.133082293188419765e-06
-1.635607738417938728e-06
3.263692434304688828e-06
-4.615858180890768279e-06
-6.667306615542658918e-06
5.565227270328429953e-06
9.208326490776224119e-07
1.783267524721573681e-06
-3.723063194401400529e-06
5.639221353761463137e-07
6.115363932605720842e-06
-2.016757560648864617e-06
-3.577350649802176478e-06
-8.476525383132223890e-06
2.129228199306544817e-06
5.954838224791044805e-06
7.610001229282815932e-06
-9.388946661181640048e-07
-4.540305576908629470e-06
-3.621032248966765099e-06
3.621434194919433846e-06
-5.693107797788749859e-07
-1.910321871145159828e-06
-5.978359952772772514e-06
7.662965210749527546e-06
4.216965681132370865e-06
3.258222891765184703e-06
-7.756240788551224162e-06
4.214963609406792556e-06
-5.002600533005956650e-06
7.084014810716717353e-07
-5.102593715390739087e-06
3.528722575854314075e-06
1.643186631572095046e-06
-6.259591035390688705e-08
2.497323021718206196e-08
-7.687626749649239144e-07
5.900385728912616357e-06
-3.405623632356557055e-06
-2.567301368398009617e-06
-5.576825560858482381e-06
5.316881355690513216e-06
-3.731828887461429104e-07
3.332309356757888558e-06
-3.999023005681500342e-06
5.011221280332121288e-07
-1.368244482157876864e-06
8.718843689760666761e-07
7.454252386442210287e-07
5.164753541559519480e-06
-1.291919339874957153e-05
7.835621614458812171e-06
-1.305020201345332568e-05
1.840332931715900163e-05
-5.585813665189903802e-06
1.493916079809113771e-05
-1.677305400679362222e-05
2.660818256137089053e-06
-4.394245131486432093e-06
6.945412649194261144e-06
-2.882842248984068161e-06
4.872422627050528219e-07
-7.642295593804825378e-07
1.041638381886139299e-06
-1.300239187062775111e-06
-2.482284027877674483e-06
1.902687773180490460e-06
7.855378917657997921e-07
9.758014045465329006e-06
-1.208995991466179821e-05
6.873564524163107405e-06
-1.382078514968020060e-05
1.325697489527565879e-05
-3.890992364701482547e-06
6.359231372687659372e-06
-1.316264452919692928e-06
2.870967112168102415e-06
-8.978336433246639475e-06
-1.467806278176072379e-06
-2.429518229367965665e-06
8.237408385589472601e-06
-3.884909478402447095e-06
3.535035061412310286e-06
-1.404375208874968087e-05
1.314833118910647069e-05
-6.592002087210961391e-06
1.753217073748393245e-05
-1.168765154984923124e-05
8.965347077919047627e-06
-1.274298114578491866e-05
2.858128978428635606e-06
-6.549155719535976089e-06
4.117227887894264551e-06
-2.209894648074061884e-06
1.952532511174677071e-06
3.968611783880652183e-06
-5.232701290079594117e-06
2.652709509861691389e-06
-1.157491113160763916e-05
1.028426618500361301e-05
6.497319114815597137e-06
7.307029989607967987e-08
-6.357095587170595679e-06
-2.566233329508734106e-06
8.687914171074695728e-07
3.400491936301001906e-06
-4.722368223405919701e-06
2.151545606788876633e-06
1.913786014391620263e-06
6.682847160028161904e-06
-3.507108821972099454e-06
-7.451851679771106095e-06
-5.845333569642791997e-06
5.541496047120614068e-06
5.951195600735040799e-06
6.865543641426675879e-06
-1.517019097813276154e-05
4.211049982373013238e-06
-1.621312127417538635e-06
1.541573658868519185e-05
-1.034682053390387270e-05
-4.232431056378452118e-06
-6.767572159635958822e-06
9.117030438812326408e-06
-2.739977792133597358e-06
4.054198527210166162e-06
2.069617426605503997e-07
2.993756027185908355e-06
-1.395769604353373361e-06
-2.331476096382993719e-06
-1.869949808989132813e-06
2.556408208591937875e-06
-6.808242618918716185e-08
-1.021543991266019272e-06
-1.748884108788648501e-06
2.619727458980319468e-06
3.407805788886292965e-06
-3.966032143021872975e-06
1.683535174180083403e-06
-5.700056171067026778e-06
6.454041362543303309e-06
-1.387080931666809951e-06
5.157006951472990229e-06
-3.165015076184157913e-06
-1.453011143499264701e-06
-2.096871251242227065e-06
5.680571075201796791e-06
-3.076420571008755854e-06
8.632891141295838026e-06
-1.086888414822412822e-05
2.600142898576600174e-06
-8.717405919187620913e-06
6.698603181369678332e-06
1.244088230044435722e-06
3.026633748189224601e-07
2.125617979742175058e-06
-2.342165801060403749e-06
2.499623360358157503e-06
-1.066375284520655768e-05
7.569470036664968564e-06
-2.274539283337823292e-06
1.398689414972631437e-05
-1.044013242991653709e-05
-8.838851874669792892e-07
-1.709938518498230556e-05
1.760351928733552783e-05
-5.011061400749595283e-06
1.848310366960206655e-05
-1.531546295663431675e-05
4.083942786212928805e-06
-6.419483882489389261e-06
3.364704243721661046e-06
-8.181198109593151272e-07
2.654997052786923139e-06
1.346295289933993891e-06
-4.428013630035026820e-07
-4.498667131392125543e-06
3.738745074647236631e-06
-2.642325391231223035e-06
1.404827684110830077e-05
-1.403001256172273220e-05
5.589552443246046331e-06
-1.252957231629595947e-05
9.212816179539593493e-06
-7.943842079033777912e-06
7.927473623848796093e-06
-7.290032291601467095e-07
6.729899216956618946e-06
-4.180189834033110080e-06
-2.231685638169602413e-07
-1.864595486510454074e-06
-3.676380328746454423e-06
5.968608810980839059e-06
-1.976588752034045343e-06
1.331397609308788509e-05
-1.266489249808099177e-05
-6.593538387822916303e-06
-1.752890505937147459e-06
8.979673210099521914e-06
2.011448176639958567e-06
-3.200542340543561327e-07
-5.292256347073740432e-06
4.812399135959461124e-06
1.200861804236818289e-06
-5.421173979267316212e-07
-9.130180312684363659e-06
8.595763067677142595e-07
4.539314745642734015e-06
7.868756307808616565e-06
-3.748609310719847654e-06
-4.998475048275354945e-06
-8.892096351708833547e-06
1.712456353928327947e-05
-3.330223750590653725e-06
3.509726574572010331e-06
-1.700367030659144838e-05
9.117440303523549717e-06
2.989540252270193169e-06
8.922316903622984382e-06
-9.242929408930093850e-06
1.477723319736842268e-06
-5.208490049212982187e-06
1.146747041609267657e-06
-1.344816651173745697e-06
6.535404068984639454e-07
2.234120156838030873e-06
3.504137178660441770e-06
-4.428949516889679053e-06
1.240929591597467958e-07
9.721882929659462851e-08
4.410592173066825868e-06
-4.578698750825769677e-06
-4.741279359722366651e-06
1.939228927407007385e-06
2.118119152907413808e-06
6.977788838127037031e-06
-5.719897889104966373e-06
-5.068660005717341970e-07
-5.430724603935863769e-06
3.641809257572188996e-06
1.048345208523043131e-06
-1.349438624912321483e-06
-1.099895520782678875e-06
1.769494727891100464e-06
-3.397845247939042555e-06
4.080765964297747913e-06
-1.428085817479005223e-06
2.644568023112253675e-06
-2.213915253482026386e-06
-3.803739038987211021e-08
5.123325356826819995e-06
-5.078746317890049045e-06
9.527348748991943815e-08
-5.137456947898780033e-06
1.034134288399618466e-05
-4.290302518927321776e-06
4.120950068793126653e-06
-1.119080255956137292e-05
6.242023952940893702e-06
-7.646954370520712740e-07
1.060158411877533378e-05
-9.813860810224617150e-06
2.951202529338931312e-06
-9.625625767063621265e-06
7.092868372659290988e-06
-1.735247386611795458e-06
1.518116415515317755e-06
-1.493384848457478319e-07
7.125495892545051865e-07
3.966020414949630190e-06
-1.050064461950026281e-06
7.391624465040455783e-07
1.845450412457170003e-06
-6.582353953442890668e-06
2.278468882099266611e-06
-1.241867973391935713e-05
1.325726291978257963e-05
-3.474494882748383050e-06
6.546040612647953974e-06
-5.419904779890895759e-06
3.749681578472626759e-06
-2.390872214949426160e-06
-1.245387788926613525e-06
-5.615320655138648612e-06
5.639627094536877007e-06
-7.791875389453908305e-07
1.068272160557840040e-06
2.497023834819174708e-07
-2.897322604204691893e-06
3.148204881528492242e-06
-1.121413940802503209e-05
1.094801463457936331e-05
4.230869551336233744e-06
2.070042784956594819e-07
-5.092615894084038809e-06
1.717866041107697753e-07
8.106216095164879237e-07
2.139116099092478677e-06
-7.526644158227981835e-06
5.186912302249875774e-07
1.048479848776615029e-06
1.127954728146664406e-05
-3.006190679862312868e-06
-2.816344531555174514e-06
-1.373844557336462193e-05
8.273495020405034853e-06
2.469135953827966318e-07
1.587647395769085852e-05
-2.289017944249606526e-05
1.008545173711867184e-05
-8.731990740611647863e-06
2.243659758109191668e-05
-1.292000480252544780e-05
1.526712656816467224e-06
-1.252871861860043327e-05
9.788707176422806411e-06
-2.312342206916821554e-06
6.190022137921176461e-06
-2.564889701364024281e-06
2.073631338045310654e-06
-3.062490360073198554e-06
1.594841490923671546e-07
-3.822799515835149174e-06
5.185687062949947489e-06
-1.412927918786145153e-06
1.092830839434569088e-06
-3.101019048705006802e-06
2.864077274354297542e-06
2.503900016282759423e-06
-9.416894487594934353e-07
-1.654158330789771416e-06
-3.210348626971891099e-06
3.990708597921635716e-06
-8.875527856006513067e-07
2.816717541897156188e-06
-4.463072580858772555e-06
1.925583408932167159e-06
2.855963906680165332e-06
-2.841050945331449107e-06
2.856639104429535775e-08
-2.529308248055026575e-08
-6.545247298261176549e-07
1.734641648197926794e-06
7.651393503852402250e-07
3.250413492967892335e-06
-4.380984501723344604e-06
-8.663948009911472830e-06
2.459766243388464754e-06
6.447132383803997654e-06
6.070020099359345756e-06
-4.187272898868757930e-06
-2.262481030793288228e-06
-3.723865728618611264e-06
4.218175562892066074e-06
-1.238856595923367874e-06
2.200428675088880943e-06
-7.085636745589759571e-06
5.882568067956078813e-06
-4.121853961764169880e-06
9.442386066493652991e-06
-7.263808718739502419e-06
4.376295388770676028e-06
-2.321018106494267150e-06
1.567745744815432013e-06
-1.651101319803957485e-06
-8.410886277458648328e-06
5.857460228102925060e-06
-1.108958507410235668e-06
4.065038789457299573e-06
-1.325196235601345571e-06
-3.803221237971928510e-06
9.026727781793903853e-06
-5.897743979710272553e-06
4.675936231076706689e-06
-5.321658196761851703e-06
1.019092613421957408e-06
-1.877493178047331618e-06
1.714220633219528308e-07
2.750998658000465874e-06
3.821025854502083338e-06
-5.587668175380129914e-06
1.054570375771533337e-06
-8.331736932871620542e-07
2.218048407812192501e-06
-4.300272946083367575e-07
-4.888936998998634545e-06
1.145892406308531849e-05
-8.627937978985424078e-06
-1.380118144598913164e-06
-4.828861914288708809e-06
7.566764281825400195e-06
-4.974887075331878757e-07
4.784978944014623803e-06
-8.042047193533964302e-06
5.645722243530464875e-06
-4.454395753663035603e-06
4.083157688059585347e-06
-8.653974042607570942e-06
6.283379500198234105e-06
-4.633364381074661550e-07
1.363285893326309135e-05
-1.044867634114787422e-05
1.954795466757597040e-07
-1.561940373965247966e-05
1.876649231757315564e-05
-9.914028071980788919e-06
1.113515956255496262e-05
-1.839654963437473777e-05
1.225090297379904978e-05
-3.323920307938729905e-06
1.030635855414362494e-05
-8.955093159904014009e-06
2.246957058759726846e-06
-4.088994734279410655e-06
2.184982394606459202e-06
-3.740253233454891500e-06
6.334254488047111694e-06
-2.400923702421723269e-06
2.750242862057566260e-06
-7.187003426553856535e-06
4.388223302099177191e-06
-2.968697801789057795e-06
5.641432535309664939e-06
-3.194119612985811711e-06
6.589147152077728074e-07
-2.477559668554428829e-06
1.830318825311861510e-06
-8.417346729823882971e-07
1.847475202928984585e-06
-4.328978917989780066e-07
-3.089132408555488893e-07
6.394872772229457286e-07
-8.573356149671956328e-07
-1.061178456780040993e-07
1.997541263293121900e-06
-2.050944988193120397e-06
-2.134372154538921164e-06
4.404923730822915654e-06
-3.344282950977664579e-06
2.623330097268691722e-06
-1.034390766431328533e-05
8.263089287434595160e-06
4.807959543278475479e-06
4.323477794534284565e-06
-9.922063115805844673e-06
-1.877385426682315832e-06
-4.447166576387736371e-06
7.712456216912070520e-06
1.412508024737553852e-06
2.511978194106472185e-06
-4.122965814041903602e-06
-2.438924688673044164e-06
3.653930267901642504e-06
2.519777879365944819e-07
4.144299794026586842e-06
-9.481678660150169924e-06
4.382393202287809379e-06
-2.272114124388800629e-06
4.021856484524713717e-06
-2.612066453823189089e-08
-3.870894958658105842e-06
1.165310723953431513e-05
-9.360673286052805607e-06
5.238385105088111090e-06
-7.637581297398998010e-06
3.043382542135731883e-06
8.464264118309826726e-07
-5.085706106404776915e-06
4.057545759867491527e-06
-2.354816518904899996e-06
3.076631773012774383e-06
-7.020534099488229030e-07
1.607376926704811460e-06
-1.516197130463445980e-06
-6.811915539770792879e-07
-3.591164896549850753e-06
6.104291073063603979e-06
-1.797904766773800070e-06
2.846516303222527557e-06
-5.762773700318763916e-06
2.389412884557950859e-06
2.624984280114710289e-06
-5.279718826287374490e-06
3.368604418410854986e-06
1.182460343658013246e-06
1.573832968799912741e-06
-3.554954349084406568e-06
9.618962405534335101e-07
-4.332973901121455992e-06
5.153904231313678855e-06
-6.583390179304738306e-06
6.061043162849309505e-06
-1.680061689872646439e-06
8.109259203539077962e-06
-8.817035870957966654e-06
1.006553793955754091e-06
-1.185345073823278744e-05
1.397365671323968802e-05
-2.403232344083539193e-06
9.654797167746631456e-06
-1.642270945025401977e-05
7.051186817279776113e-06
-6.642005866968708378e-06
1.533142490708666429e-05
-8.920500525361569220e-06
1.704384212496545588e-06
-1.019698706699101101e-05
8.950764552099680613e-06
6.092385853194871927e-07
3.674116902873731226e-06
-3.227380893290872645e-06
2.187752064882379006e-06
-7.207677871704080386e-06
3.842987693633218563e-06
7.275796366435856495e-07
4.115739380691005622e-06
-3.998593111618208084e-06
-4.025979811602861094e-08
-1.902363467924352152e-06
1.265208682580910993e-06
1.804323231546764764e-06
-3.522235200040753850e-06
2.240346119951090598e-06
-7.832597641553618614e-07
2.103537798507273587e-06
-2.089533490733099609e-06
6.614603811138341350e-07
-5.895135573202597444e-07
2.152727045227937739e-07
-2.229049100279247264e-06
-1.548824897465970503e-06
3.247131899465078679e-06
4.256335752089111576e-06
-4.309203911894247060e-06
1.131937570996119888e-06
-4.878348775384512255e-06
9.673784997901687033e-06
-5.008965541795063311e-06
-1.011410032675515696e-06
-5.075613898391170367e-06
6.157001607325198066e-06
-1.055386983261252904e-06
7.428297550036122035e-06
-7.000277669708163499e-06
-8.156647657616902085e-07
-2.334620508140825918e-06
1.706288739239674742e-06
3.285632402082170612e-06
-7.192016124119897055e-06
3.404734895207030778e-06
-7.044486126956046008e-06
1.381066319872951674e-05
-7.157176879516171228e-06
7.367464262732815146e-06
-8.798192895252789417e-06
4.116266668162339459e-06
-2.060343560266870047e-06
-8.003358200788960675e-06
7.187609344621815808e-06
-1.210064683591486884e-06
4.109338058383393766e-06
-1.584810609587996614e-06
-1.418541387348133451e-06
6.918633213013821264e-06
-6.220503119466218767e-06
4.737412804901173409e-07
-2.294793715963747946e-06
2.172898307450075067e-06
-2.121769900991758937e-06
2.211556876630634646e-06
4.278977853788808801e-07
5.191518185331419828e-06
-6.144814179549616700e-06
5.787041718887070245e-07
-6.749028980364904100e-06
1.002400680842127967e-05
-3.758333226883802767e-06
2.014060826790646707e-06
-2.508597640353291426e-06
5.752194899569870197e-07
-3.225738711172819935e-06
2.066534788099877063e-06
2.180951986235918219e-06
1.122560149231339758e-06
8.220535513877114342e-07
-3.696003424424463868e-06
6.420528191089091842e-06
-4.878113454487313969e-06
2.415237670632662287e-07
-9.982773305313452582e-06
8.517062060357254955e-06
3.941217784404780725e-07
1.372196187596997296e-05
-1.367360246591956246e-05
1.447583152294028213e-06
-1.325369251073791899e-05
1.399802574578940185e-05
-3.081991651212655865e-06
9.427310073832564721e-06
-1.175997522645499791e-05
2.368317540945944734e-06
-3.985556258335222547e-06
1.145149050821217185e-05
-3.642604284830938841e-06
1.056494930838751502e-06
-7.269855707206874246e-06
1.951598722774695806e-06
-3.019206243422490424e-06
8.686632688234157990e-06
-2.372169139168852940e-06
-1.164633753408490720e-06
-3.568920833421687639e-06
2.453597857080595882e-06
1.010632946272686995e-06
1.139674086344122897e-06
-6.421462008118142132e-07
-2.130023841567766523e-06
5.609402807948460637e-06
-4.515368240420661113e-06
1.087278892275404964e-06
-4.252581268027743691e-06
3.849209905410712050e-06
-1.266164449270771812e-06
2.404643138963678932e-06
-1.439839222037424818e-06
1.842750794823258825e-06
1.816346336549699215e-06
-3.143744974424571826e-06
-3.640534308968867267e-06
6.551617789762937113e-07
1.326733070414096873e-06
5.565695543362168796e-06
-7.059088647850385396e-06
1.913042461308108569e-06
1.324315956302434845e-07
4.514539408964740406e-06
-5.293139338856805546e-06
-1.026236266654805243e-06
-8.825028930272419257e-06
1.028319109023989216e-05
8.678363749929517330e-07
7.989788277944838858e-06
-7.412929287705920475e-06
-1.409130629861431473e-06
1.254753231495232745e-06
3.085256878419802642e-06
6.073992481593591302e-06
-6.288167513126082962e-06
-1.057857339017990139e-06
-3.195675748333875262e-06
4.345873292400836605e-06
2.600979410766034381e-06
2.273046512198316077e-06
7.614824193157379899e-06
-1.130557325216087673e-05
-4.743771550351716599e-06
4.556054676019845776e-07
3.700775068614290295e-06
5.800193122447844321e-06
-1.025647518204245832e-05
4.088443923208334408e-06
-1.396082864394194474e-06
3.315257324990149364e-06
-1.611341601885960635e-06
2.767732690625087008e-06
-5.065511866340312097e-06
1.433908302714835445e-06
-6.285988855496908018e-06
6.037790080871967521e-06
8.461088799472860273e-07
7.988854454949527350e-06
-1.029425735179746187e-05
2.654584310409509945e-06
-4.601165056412545245e-06
5.915349343894819037e-06
-1.950737670851896903e-06
5.989874301626290105e-06
-3.856418101573187571e-06
-2.082385544762625938e-06
-5.298617853573973919e-06
4.935410339318494261e-06
7.602258970745882037e-07
-3.966609904482452805e-08
-3.848182650983550322e-06
2.953535540796506939e-06
5.189013486936180413e-06
3.664584258065617839e-08
-4.140502553951548179e-06
-8.881447738864110353e-06
3.697397388600455524e-06
2.770525324877972466e-06
7.114528213328016034e-06
-2.792100954851702416e-06
1.208328326790316452e-06
-4.631183420846809556e-06
-1.308357545467514845e-06
-9.108401077527925246e-07
4.640781690984339494e-06
-7.520310809136858027e-06
5.346361337675993282e-06
-1.252071659989543750e-06
8.202114547576494158e-06
-4.060927410336540228e-06
2.176632486831513551e-06
-7.800529244483321123e-06
2.493500755710744307e-06
1.513395876899110711e-06
6.488243764971562803e-06
-5.784672685761065650e-06
-2.471430447382980629e-06
-4.107996774510988550e-06
5.054293227054197546e-06
3.215472664125126998e-06
-4.258237607195397684e-06
1.817390996997233604e-06
-3.848702979169124527e-06
4.795836375214662099e-06
-1.549288732231142511e-06
1.824683738075915922e-06
-3.544178053209336776e-06
1.835046046575422265e-06
-3.681654610122554798e-06
-1.613064677340377164e-06
5.367003895315672950e-06
2.264508324122116106e-06
4.442333584547125341e-06
-7.593937671058094820e-06
-3.052362615651393966e-06
-1.207527056840988284e-06
6.296581289913465936e-06
-1.211006366944500541e-06
6.864953017857296927e-07
3.193519351391528274e-06
4.457096983807161229e-06
7.145525043602025199e-06
-1.007188842903357843e-05
-2.421771796609752777e-06
-8.450804620242784073e-06
1.064022037342652122e-05
2.827058022780592089e-06
4.335246984294258171e-06
-9.448725527632799480e-06
-9.045569411871609133e-06
-2.969904931866507008e-07
6.599029484395676683e-06
2.792003646162897569e-06
-1.258232244378917805e-08
-4.905095623672228806e-06
-3.160936044392838188e-06
-6.933596533085890847e-06
9.843926970151461452e-06
8.148901254913517114e-06
-1.472806304004783728e-06
-5.744506886464889381e-06
-7.310796034086427183e-06
6.577106377344683796e-06
1.157635594633278135e-06
2.173255929745334488e-06
-6.615361748335452953e-07
-1.936142396546009330e-06
-3.130206061292778607e-06
4.245794147399529472e-06
-3.457291553329388117e-07
5.115607149970759243e-06
-4.667522901101507320e-06
-1.083364025385626913e-06
-6.504872222602727893e-06
7.712800986244640116e-06
-1.403826781607533178e-06
4.494362269399962966e-06
-6.683095033571751154e-06
3.280028065393425620e-06
-3.553817330749404503e-06
1.600757644651995431e-06
1.249273071164518665e-06
4.066529656262111753e-06
-2.849561479890521656e-06
-7.534660877742592412e-07
-2.510896737561334121e-06
4.949751446756180908e-06
-3.197806121257153886e-06
-2.280943886844317151e-06
1.321916867110986606e-06
1.436027094782105670e-06
3.789664250945089743e-06
-3.510142273405282393e-06
6.343610344587088026e-07
1.021688343429236973e-07
-1.786937102456598095e-06
-1.749885935569790467e-07
-4.211734851121464686e-06
1.100113954770458572e-05
-3.819009785380377520e-06
-8.033442506071676200e-07
4.915483482115895917e-07
-5.909682901518662047e-06
1.952370908672387529e-06
-4.523738240483408693e-06
8.907421844881855831e-06
-4.783672248453338553e-07
3.897527125655105010e-06
-4.903503478332134170e-06
-2.883948295470969796e-06
-4.230501535213865383e-06
6.626368357012736072e-06
4.787578578384016492e-06
2.492133949896102883e-06
-6.700344414716837631e-06
-5.674610797694130737e-06
3.487432817034601920e-06
1.503999335926236607e-06
8.132779112159361538e-06
-5.608125416758617544e-06
-2.018356777523631782e-06
-3.893181981907746592e-06
4.888389518679980215e-06
-9.861133629766058537e-07
2.889213300687765106e-06
2.735304323542684269e-08
-4.387901065815120030e-06
2.277099364210174283e-06
-1.866059790504211451e-06
4.508520313823666278e-06
-1.662149934247643863e-06
2.986207187121641359e-06
-4.656089993453225942e-06
6.086463329288722556e-06
-7.521857551747525846e-06
-4.394719229240253924e-06
-9.485072842233651912e-06
1.197683651330735526e-06
8.828162616720593316e-06
5.463103795512258155e-06
2.247433395871664647e-06
-1.103788629153270765e-05
-5.066269067614607755e-06
-4.150104944908485630e-06
1.188278381272623007e-05
1.033148670594940074e-05
2.610249732205372877e-06
-1.099828233185984493e-05
-5.967171678915143907e-06
-1.204130331764512516e-06
7.773751061629296605e-06
4.382787791554377201e-06
5.978029428154105580e-06
-9.129758265051859527e-06
-9.604353336287162833e-06
2.520818372072132704e-06
6.178684500658713721e-06
8.853862491170519210e-06
-8.294037260191712964e-06
-6.181627330343773472e-07
-2.367230048993955594e-06
3.122285920535342092e-06
-2.938119432069405938e-07
3.295197211869943879e-06
-5.455935081301023890e-06
1.792168269929154863e-06
-4.784925882191828607e-06
3.464838422502499002e-06
1.039570802026338418e-06
6.511497816325597724e-06
-3.245856442806253274e-06
-2.200092224921863302e-06
-3.910212200266013720e-06
6.270062940725405939e-07
2.217706036382023974e-06
7.668161881490734272e-07
5.305609607800375286e-06
-5.681132492516177892e-06
-7.999329442004069653e-07
-4.866268958777823312e-06
5.539969273675652062e-06
1.285887118915127524e-06
-4.109474344388093026e-07
2.437211615626000156e-08
1.774586714682524116e-06
-6.740557702644539958e-06
3.859389456581100736e-06
-3.371924886423256987e-06
1.033337783598684525e-05
-6.985029558047399015e-06
1.091968096551483014e-06
-6.008095868306819857e-06
5.537005883913285266e-06
3.931477129526436812e-06
-8.744245800255549182e-06
3.511760543374336582e-06
-1.654024064045134795e-06
3.919434529794888232e-06
2.656274961262835592e-06
-3.824091387935297739e-06
-6.748153319169247137e-08
-8.518108958891383922e-06
2.452296748150911484e-06
1.765431721492808265e-06
6.236340318025344754e-06
3.308573781898722329e-06
-2.196203807974043187e-06
-4.975168655131823458e-06
-5.698604467869310085e-06
1.536631961784401673e-06
5.443149683889334138e-06
6.834892740018478778e-06
-1.530228127938405191e-06
-5.820156076314363677e-06
-1.131159643928123499e-05
5.747725696450043086e-06
5.037843499969767809e-06
6.286078897695799285e-06
-5.598270112117153383e-06
2.942925877948813248e-08
-5.533797071615654387e-06
3.696572659255736535e-06
2.589845956240199500e-06
2.950059218896263359e-07
-1.594236841111472966e-08
-2.280890970669791842e-06
-1.515803888396062100e-06
-4.749436251793283734e-07
2.291449436015598919e-06
-4.460403936375987319e-06
4.141578801996989063e-06
5.550233209330109390e-06
7.015699770782589227e-06
-7.705303409731290688e-07
-7.702156015360839351e-06
-3.778892240913050858e-06
-1.567381109805413556e-06
8.588637355301768515e-06
4.975826389240192900e-06
2.637846006886690808e-07
-7.349156455830023669e-06
-9.013300886713837646e-06
5.402713693005877958e-07
7.477881658923194942e-06
5.776149098119932739e-06
-7.163956242675885514e-07
-6.513740175814295692e-06
-2.260088401945081597e-06
-6.132769155569205282e-06
8.110604893767901191e-06
6.533518275081647741e-06
-9.067619263718462990e-07
-5.139400134016653660e-06
-6.825447180894761934e-06
7.760518308391155991e-06
-1.520849878160181339e-06
-2.972541613325829847e-07
-1.133019106821947699e-06
1.852019540929645297e-06
3.129560355411109920e-07
1.660587522627637947e-06
-1.841136632396387219e-06
2.097876834393658449e-06
-2.363347608913434191e-07
-1.143508803470840204e-06
-2.913947556420409443e-06
-3.528642197083006740e-06
5.274268994047662143e-06
2.007949627713430865e-06
5.799310531894245592e-06
-6.617710558393605778e-06
-1.393280718355192682e-06
-6.585449946554141872e-06
6.738236429893702803e-06
3.119898818907855133e-06
1.676136828571656720e-06
-4.157649078463389021e-06
-4.642702926184131683e-06
4.682819927818542412e-06
-1.310267763929689841e-06
4.710911694771981103e-07
4.977016150791158721e-06
-3.643541968512441082e-06
7.964909131992995307e-07
-7.565114807055361892e-06
4.941993890924814223e-06
2.475590885585361953e-06
4.860975124321134433e-06
-5.245726048243460205e-06
-5.493717860523437147e-06
7.261093909448943195e-06
-2.409662858624334999e-06
2.825372192654800525e-06
-3.200014507959862887e-06
3.429218153938988771e-07
3.054657093070344234e-06
5.050747071006193455e-07
1.145914160784880235e-06
-2.061982583288211369e-06
-5.523392497162807059e-06
-5.769911084967535656e-07
-2.006962718452138649e-06
4.088812089285449942e-06
4.102597482863832451e-06
4.533153149141708028e-06
-9.875478939320456791e-08
-6.476191681013666593e-06
-6.494499981331078992e-06
-2.993292973221892585e-06
1.066954279030605130e-05
1.132960669731264744e-05
1.777626351517225543e-08
-1.168067484418255979e-05
-6.218239968812216674e-06
2.813219848309491035e-06
3.219653139413115981e-06
1.009680939297759780e-05
-1.104647728120370390e-05
1.561353127079312674e-06
-2.485440337632975921e-06
7.800000122913120241e-06
-9.428208010879847683e-07
5.339257798028962889e-07
-3.792509466294753846e-06
-3.324065128135480162e-06
3.036322201530990989e-06
5.948108054689969803e-07
-6.886864763572117659e-06
-4.827104153281879908e-06
-4.531387575726131558e-06
8.356268482793190194e-06
1.973234347332007892e-06
3.190923787988834959e-06
-5.888758997559265864e-06
-2.210484560308916465e-06
-4.093560664151200996e-06
7.124438424916154617e-06
4.680150917227222763e-06
3.701792732981690189e-06
-6.005667640425772419e-06
-2.281188488355177460e-06
-7.062077874606102580e-07
3.917289809207326080e-06
4.038621129853024496e-07
6.603397327814010840e-06
-6.433357843148978446e-06
-4.283847856268766439e-06
-7.313171412047163409e-08
4.221684804230581953e-06
4.014556113499061653e-06
-4.755140425544200889e-06
8.349916821790832540e-07
1.444326456473905748e-06
-1.745166359252009537e-06
-1.383125563415374816e-07
-3.030042293288947290e-08
3.571670193133103411e-07
-7.232897046577916505e-08
-3.279716992924974308e-06
1.994629173519021323e-06
3.631200852544721784e-08
1.898777938568126753e-06
3.082225111043856864e-06
-4.039122366736894133e-06
-1.744267037587004989e-08
-7.158587453086933181e-06
6.236460510652031171e-06
2.477641451921049564e-06
2.520439965098383368e-06
-3.144721941645541185e-06
-3.857356481290035634e-06
3.968931531757689129e-06
-8.355948339009583357e-07
5.092977185516587522e-06
-8.863583990713168586e-06
5.263731012359969041e-06
-1.317977845584595794e-07
-2.175862291819875697e-06
6.380622874387867523e-07
-2.315116133985470790e-06
6.378305819932825974e-06
-2.438605458944725424e-06
-1.558283194401631465e-06
-6.270915881557377193e-06
5.520089251705369190e-06
3.788949371629434311e-06
-9.174387599624509137e-07
-1.614371733708512576e-06
-5.764124593776825099e-06
1.974345096968062937e-07
3.469954252976496307e-06
2.504370641392763904e-06
-4.858636430122212206e-07
-2.081946220210313070e-06
-3.830303208026742713e-06
6.843589726157317104e-06
-2.535321979267372620e-06
3.905128128250367337e-06
-2.581641157831358698e-06
-5.953813772672591646e-07
-2.405220430321922560e-06
-2.680886450411086060e-06
4.012997682170175918e-06
5.195295388636143600e-06
1.418241734999516046e-06
-5.272574172270380583e-06
-8.802141899101238672e-06
1.561988639379215392e-06
6.276658959119616583e-06
4.676537440541342466e-06
-4.200314230463334216e-06
-1.985289176237309820e-07
-1.112085480747426875e-05
1.286198801826611679e-05
-3.430475469553740032e-06
7.169821072645973312e-06
-1.246342810301375492e-05
5.940051078446116883e-06
-1.176492700055241446e-06
7.500784376600447582e-06
-3.119480054403006645e-06
-3.866404285603053715e-06
-4.481570067395635907e-06
1.138305239821787956e-05
2.348843569842885276e-06
8.580781925182860484e-06
-1.095990397977433636e-05
-7.596090424154108741e-07
-5.802175405150575929e-06
4.788871277760813358e-06
2.278948650118819646e-06
5.399990008502485499e-06
-9.633998991618477036e-06
-3.138840833829326271e-06
-6.809494730423779825e-06
6.784120183015419419e-06
-2.129448921839479323e-07
4.054979942514716947e-06
-4.893103995397721767e-06
3.438479145533575526e-06
-1.139433367675582707e-05
8.205313708635217314e-06
-1.054941522496071527e-06
6.271162828789219172e-06
-5.613058595157684007e-06
5.897801077530471199e-07
-2.458182167794501478e-06
2.587209653828466570e-06
-2.127253161578245437e-06
5.166924099581630308e-06
-2.885352031909011719e-06
-3.302667214426984675e-06
3.177169981265711798e-06
4.303871103897153888e-07
6.768803250845842051e-06
-8.423611103615983805e-06
2.498433015957881281e-06
-4.748456720775954241e-06
2.603581673729326554e-06
9.573940890781662999e-07
1.102392636580259702e-06
6.669337613775779477e-06
-6.227928303802967734e-06
-2.668939889633521501e-06
-3.977588147088013638e-06
4.686549744269496203e-06
2.294194050992658457e-06
-2.048546077910097217e-06
-4.885814596666197437e-07
-2.688732590001079161e-06
5.700948100674410506e-06
-2.921655341691134004e-06
1.220567906772968444e-06
-5.018365700212379724e-08
-7.496657834713542123e-07
-2.129046969012182755e-06
3.850989908845445057e-07
8.917702221621511785e-07
5.313772232226765879e-06
-9.942936518829622857e-07
-2.935293303906610319e-06
-5.679766435713248039e-06
3.482687623239479315e-06
2.928590975028391046e-06
9.894169552898448428e-06
-6.443042774884020678e-06
-4.541922005642315006e-06
-6.130128864908301027e-06
6.448272039771294286e-06
4.792217616548047252e-06
1.358931663106645687e-06
-8.704484222106916724e-06
-8.105846820265659574e-07
2.301987017989180707e-06
4.193962707765758787e-06
-1.214174979626734218e-06
-3.036903336301446235e-06
-2.749577964445708744e-07
2.911608807826097758e-06
-1.562386379729334646e-06
3.235584454239959910e-06
-2.384457798549731382e-06
6.540865602864662958e-06
-7.409423274426650590e-06
1.534492229019662133e-06
-3.403469013708028741e-06
7.121861459419581589e-06
-4.016080808533547132e-06
7.213109633885102129e-06
-1.066827463128639452e-05
4.346710060139526545e-06
-8.349693074316653042e-06
1.835229544131656280e-05
-1.275428613209740974e-05
4.393380833223818690e-06
-1.699626362868102042e-05
1.298834861127924650e-05
7.861134532670664924e-07
1.128416004312287600e-05
-1.339655806924741835e-05
2.402603869443138031e-06
-8.564953838908090253e-06
6.953636832242270478e-06
2.627795776934863900e-07
2.338480660585440663e-06
-2.859685829024416641e-08
-4.238104834181599296e-06
1.828907314391194154e-06
4.273720628631086263e-06
1.825136663229251811e-06
3.973512783359418573e-06
-3.541440235961140182e-06
2.146960804685525424e-06
-4.899869590871494726e-06
3.016130431486917496e-06
-5.817062314153231702e-06
1.148645150992855417e-05
-7.067958511382204010e-06
2.563114548785951192e-06
-7.671181911042437677e-06
5.248503079378005889e-06
-1.917563587837302459e-06
8.751135776833276418e-06
-7.057875813043741674e-06
1.696767657462860615e-06
-9.585438886230305272e-06
7.444684517422714873e-06
5.836975331362261338e-06
-4.971937742322052619e-06
-1.228786336410409039e-06
-8.463582307711977818e-06
1.166357260709523516e-05
-3.875092908096004058e-06
6.464112119395148594e-06
-5.226269801933963388e-06
-2.589563035721753816e-07
-2.889344678208758562e-06
-5.713284926347128242e-06
8.052330832328625916e-06
3.713588142147656351e-06
5.253017767578337272e-06
-8.226815819863852108e-06
-5.151973389462852578e-06
1.162892331879031884e-06
4.623108265730647718e-06
6.108611497314714180e-06
-4.127681416446058371e-06
-1.777208052341115935e-06
-3.708073646950002111e-06
1.841094690571748983e-06
1.426920113346252095e-06
6.244742662111629276e-06
-6.287444396418633160e-06
-8.902355166584402637e-08
-9.163954811540587789e-06
6.401958984231977066e-06
2.057432497140585049e-06
1.006769902789984137e-05
-7.699836840704159848e-06
-4.539579182355179331e-06
-1.432617956546812254e-05
1.450408041201772614e-05
6.328769479415015023e-07
1.160482095090992622e-05
-1.096926850814854571e-05
-3.218105637881624672e-06
-1.387214158434400951e-05
1.370829934341201499e-05
7.525606608096526006e-06
6.935885517244134200e-06
-1.032785594345965068e-05
-5.204830018168590857e-06
1.490847968838384450e-06
9.309903198002923494e-06
-5.026486699284670194e-06
3.441582716981097712e-06
-1.235717860482028527e-05
6.364163936479405008e-06
-1.070267235510764160e-05
1.538380628421285549e-05
-3.027840591809329406e-06
3.212789143196333846e-06
-8.973348147956488637e-06
4.905628842056501653e-06
-2.576745399652610379e-06
4.510821975698478469e-06
-2.369397834568683633e-06
4.158932341295947813e-06
-1.132716803809115604e-05
8.712705671972566151e-06
-1.950352495051371849e-06
9.716886361216998889e-06
-7.459653915169823043e-06
3.440843468517858447e-07
-7.054983854820291573e-06
7.694839211648406730e-06
-5.815315751108184850e-06
8.125129057641991879e-06
-1.516641442196289506e-06
3.399609086991650859e-06
-3.216016485620866444e-06
-1.071154161824878019e-06
5.022189563518775814e-07
2.177066963610522284e-07
-1.451260667767068508e-06
2.912269037858683745e-06
-5.253423287883882110e-06
1.405156172148358193e-06
-7.030647840461186544e-06
6.344948561061344974e-06
1.431350563525156079e-06
1.050839958345290250e-05
-1.194507640686524538e-05
3.293098186332250214e-06
-5.880269640299625448e-06
6.052050712109574698e-06
-1.098874073239920015e-06
4.141233815065551669e-06
-8.354531159748120956e-06
4.855206374556001902e-06
-3.169120881799531033e-06
1.022640079757477567e-05
-6.929030160457255694e-06
-5.643796164486668843e-06
5.380407348976537671e-06
1.066774185385005648e-07
8.450328675379898674e-06
-1.149570910280361667e-05
3.599858917992106806e-06
-7.478886118361054910e-06
4.678483170769630984e-06
6.708201923178838178e-07
4.159749762238096778e-06
3.911287318393495176e-06
-7.211689750992899861e-06
-5.139069114039407402e-06
-3.567563990529525584e-06
7.102831134461833346e-06
5.895107043310935556e-06
1.405070325266569880e-07
-6.214338127641998326e-06
-6.147415211835339675e-06
2.012545166519370474e-06
3.436256903340984629e-06
2.573106279170379399e-06
8.167146866337401685e-08
-2.611443478647543619e-06
-2.008378574033546426e-06
1.196530566447338875e-06
2.819658240581910370e-06
2.202837093938840400e-06
3.047241607046888429e-06
-4.655801554302126368e-06
9.069819107433702818e-08
-3.970960128559754912e-06
6.614731199394724713e-06
4.886793948095780812e-06
-8.940243004547330781e-06
3.660144686166373797e-06
-4.845261119856706170e-06
9.827475477979223678e-06
-5.684132606504598955e-06
1.283520819683547522e-05
-1.663249080223058935e-05
1.745743139803477632e-06
-1.389722331485688922e-05
1.887637673264463284e-05
-4.712103546369399651e-06
6.537179868238710919e-06
-1.876413276585583002e-05
1.364423314307875988e-05
-1.104570078869364107e-05
2.130502665862569231e-05
-1.090476508093619390e-05
1.838137925065951828e-05
-2.478303295793671314e-05
6.192557928777730054e-06
-5.847856247583429253e-06
1.296980107874831104e-05
-7.156430669249769658e-06
1.260543842321968285e-06
-1.040999504085362040e-06
-5.464057774046874219e-07
-2.341167099341715012e-06
3.177439107299792852e-06
-1.664735939428090824e-06
3.425723407454617800e-07
-2.051855679445024811e-06
1.165575515631495800e-06
2.070609556829839728e-07
3.119837781620958067e-07
-8.416171401114013926e-07
3.071847360951214427e-06
4.592087822244345839e-07
-3.564855078291893747e-06
-8.853677624440095632e-07
-1.611286615922337115e-06
3.542286651693730908e-06
-1.759988847852716511e-06
1.229485035995963649e-06
1.092917877775010686e-06
1.877697463172285278e-07
2.526740274676090337e-06
-9.021825841773432344e-07
4.771043441372154163e-06
-2.603669061156580448e-06
-2.571601466252181716e-06
-7.962238874418522326e-06
6.720828180832514206e-06
9.141867807883769495e-07
1.955554560893982166e-06
-1.155305013983621300e-08
-1.997598029384756766e-06
6.551253824480103844e-07
2.462882791041573755e-06
-3.408761560891617989e-06
-1.407218969769445937e-06
-5.133001239401616192e-06
6.634322608389273482e-06
9.492564280255591757e-06
-8.264924081771773072e-06
-4.532470416076199568e-07
-1.050541416486686661e-05
1.448194085378067306e-05
-4.550113915361036397e-06
7.504783255841398961e-06
-7.520931935059195505e-06
3.110755785205496069e-06
-4.850859796624930601e-06
1.710738662727701511e-06
9.309419113244372766e-07
7.973704022923876593e-06
-3.753312962927998638e-06
-9.319585819850698067e-07
-8.107723194211617168e-06
5.557426265426955664e-06
8.502178550704604361e-07
5.845254872392036870e-06
-4.610737484922846404e-06
-6.560825356528271588e-07
-2.151485880051824110e-06
1.943532276856483172e-06
-5.405865011097682818e-07
-6.995709754687421038e-07
-1.248414997313903490e-06
-1.500809658650519802e-06
2.433309146883050477e-06
-4.898902598406371800e-06
5.805619114600070788e-07
-6.397476444313452001e-06
9.592450791742608993e-06
-5.706457099511738169e-06
1.238017447377185592e-06
6.091105928211303716e-07
-4.270182958637723075e-07
-1.126061469578849605e-06
-6.102901796047816490e-06
7.048965073128559712e-06
-6.229570045425357190e-07
1.102726925713479856e-05
-9.086139126079821815e-06
4.636274873963460794e-06
-1.401924047890115332e-05
1.096493438386136108e-05
-8.132492087305854544e-06
1.676699735007316974e-05
-1.279738124550466489e-05
1.279624676118642612e-05
-1.673974611553503397e-05
1.033206587905357413e-05
-1.174907857096655677e-05
1.431080098992587598e-05
-5.842942677696464488e-06
1.550851660942307458e-06
-5.252958563701212067e-06
4.898489379373204724e-06
-1.887277741756749565e-06
-7.409860091283735026e-07
3.455869720882463996e-06
1.020850586048558434e-06
3.428040177561817039e-06
-3.971322818698831794e-06
-2.085318556015575391e-07
-8.185252468738298649e-07
1.658408292700238839e-06
4.228723238688189358e-07
3.301200015243948449e-06
-4.614339786889044223e-06
-9.697299958815210290e-07
-9.607516518299287142e-06
1.056361732335225751e-05
-3.762716746549373673e-07
7.951007284070279527e-06
-9.687402884873897097e-06
3.591829895794363366e-06
-2.894314669489231120e-06
-8.560851601304427601e-07
-3.153746477868134985e-06
-1.590539515004245900e-06
2.509837585771994677e-06
-4.235871216563239801e-06
3.674280199337377859e-06
1.163888541573173884e-06
8.980698598249990384e-06
-1.034747897423888340e-05
6.723715660440495194e-07
-2.471967788384100479e-06
4.638472654340917046e-06
-1.290733771741387596e-06
-1.767186302893173654e-06
-5.359508934927018802e-06
6.527288965463724972e-06
3.179614927941884180e-06
5.920991353041399596e-06
-9.246961943577379432e-06
-1.053751045923600990e-05
4.686729766026957814e-06
5.148291933114599927e-06
9.721427478177217658e-06
-1.080678546839472057e-05
1.868915043692463464e-06
-5.729527034298785335e-06
5.750918031681802382e-06
-1.806948923507819256e-06
1.950449811243865392e-06
-3.217339324113502010e-07
-6.996872764446108291e-07
-3.486130597594206627e-06
1.800281669441483568e-06
4.385367346361172626e-07
3.749296449180710217e-06
-2.859211249298644040e-06
5.557169832706828418e-07
-2.692001678250552521e-06
2.785612836974900655e-06
3.515077367017431281e-07
5.709601409374875464e-07
-3.213055152113962926e-06
4.387026086033119477e-06
3.907149790657931805e-06
-1.271050133907233957e-06
1.187919844893417824e-06
-5.300000765474475876e-06
1.210288392183939292e-05
-5.933894275211490298e-06
8.040335271851643833e-06
-1.912350057210696153e-05
1.188032573049933899e-05
-1.568176024813675023e-06
9.921308556252068854e-06
-1.124392059968793635e-05
-1.610804216475566587e-06
-1.988665007731981229e-06
2.988640635021566921e-06
9.137550544849096891e-07
-1.684371976081122366e-06
-3.121148872953239765e-06
-2.951528924339017236e-06
3.366281271494024975e-06
-1.084284993886715619e-06
4.958136353574619593e-06
-9.909218451672803399e-06
2.195457220477453646e-07
-8.301858199277781667e-06
8.751884467428114691e-06
-1.090020929616372056e-06
4.125310596530707670e-06
-2.329341171450334633e-06
1.102951472539395245e-06
4.075184018563710389e-06
-5.177766418257113196e-06
1.177654565058462217e-06
-3.532029307879636017e-06
7.204998134723079685e-06
-4.642488676671943637e-06
5.561745771965437732e-06
-1.264072142464790964e-05
7.351517643759813529e-06
-2.807762827591358992e-06
8.802499878451316713e-06
-6.219132415467389230e-06
1.503913882051262723e-06
-1.213022953791827882e-05
1.098115272828269686e-05
7.373347964630730503e-07
1.597386708314867693e-05
-1.742354251890240730e-05
-3.951166204094988158e-06
-6.498321399455658320e-06
1.165896160173663537e-05
-1.928274002185377561e-06
-6.627952701617526146e-07
2.566972738420509661e-06
4.038314814561546105e-06
4.038269318646950878e-06
-6.894530248579494464e-06
6.639598223216321986e-06
-1.108655911475154226e-05
3.869333401812904178e-06
-1.350064816492917882e-05
1.875738684854841054e-05
-5.175051816430428611e-06
4.092812342381053122e-06
-7.012193287427226761e-06
2.658418740237268791e-06
4.018430211518545883e-06
5.354381726345919706e-07
-3.793870717917230145e-06
-7.265352838568411785e-06
2.542689441412324148e-06
4.985760359665781095e-06
1.271637848639852309e-05
-1.031108581121805056e-05
-3.046178766439433918e-06
-9.448358145956212248e-06
1.204639536170067326e-05
-1.667818398697346529e-06
5.558079746707041478e-06
-7.309069596033824850e-06
8.769560740589602016e-07
-2.689542835647449004e-06
9.677315478281342103e-07
3.181393287278292298e-06
3.767707488024771902e-06
-1.857004979941495466e-06
-2.732332968139320220e-06
-1.874292005446257301e-06
-3.587566274846961393e-08
2.668674114499076340e-06
2.693942122520763336e-06
-4.931519334580413409e-07
-3.598919525709493391e-06
-8.705404639819859394e-07
2.499423033250247587e-06
-2.641186181506454517e-06
-3.204905898505366557e-06
1.114685000533675125e-06
5.239173422992717639e-07
4.641546075582103810e-06
-1.025398505431464541e-05
5.578407262602646269e-06
-9.480405382120975937e-06
1.801795540077848014e-05
-6.369751086828812634e-06
5.216479233942057655e-06
-1.025614961144407102e-05
7.199146965622911665e-06
8.962658158440441690e-07
3.839008326188058181e-06
-8.189134906371495380e-07
-2.085604480224125063e-06
1.204815593347466057e-06
3.172558708371994477e-07
1.119927001971184761e-06
-2.991125632729372720e-06
2.879114907486141077e-06
-3.680273443183562689e-06
9.950066514828666845e-06
-2.468963871348323996e-06
7.580248041566487125e-06
-1.202065589636618087e-05
4.314703096736244179e-06
-4.083613727317465927e-06
6.133573751056841197e-06
-4.110824793034410855e-06
-4.889491630190696624e-06
6.168744178173469670e-06
-1.919302162201787384e-06
9.465957799918311191e-06
-1.497527893896256998e-05
6.076379595029113111e-06
-7.093267098732486349e-06
1.714356556662710538e-05
-1.063502528477390738e-05
3.940099971153418609e-07
-7.550189539743996049e-06
6.907343730080789097e-06
-1.408771418303236356e-06
1.545043573561006876e-05
-1.531444193694896991e-05
-4.287542367607449765e-06
-1.727919106421990783e-05
2.374424632382819497e-05
7.641501162124220983e-06
5.781451450312143821e-06
-1.531911320458181046e-05
2.309840909067745223e-06
-6.697018301912716754e-08
-1.409021753487810516e-06
-1.027883534643514015e-05
7.527463312154471106e-07
8.150658142164095421e-06
-3.647502745188158545e-07
3.245301087594924921e-06
-1.417987553196963825e-06
6.937746129564199775e-06
-6.533186619111241931e-06
-1.249568565089140551e-06
3.892591034906094956e-06
-5.976097267686746980e-06
2.568791649082683930e-06
-1.251938195778361519e-05
1.142829764499301468e-05
-2.279808917633261968e-07
1.854507972982553457e-05
-1.660812801924812344e-05
-2.174085324097871891e-06
-2.193195047140371437e-05
2.135091301320859254e-05
1.753727747541370733e-06
1.297554332370194407e-05
-1.498603630202794779e-05
8.716107014184639313e-07
-7.151641408111431975e-06
7.399609634837938632e-06
8.775423060226721162e-07
4.196940634949881610e-06
2.512707802978106875e-06
-8.147141311320057255e-06
-6.803313635056330399e-06
1.334490154208861553e-06
5.074091496612867204e-06
3.638825469221471754e-06
-1.422926211287344774e-06
-1.999200848359613728e-06
-2.314356013973742110e-06
-1.539194530879761323e-06
4.153211495250588961e-06
-4.489229631326110818e-07
-2.020829946261093869e-06
3.457684625047751877e-06
5.600792930236445219e-06
-3.573322646620942424e-06
-1.798970988017405950e-06
-6.809098477909358518e-06
1.112562703372968665e-05
-4.896005467985861475e-06
1.051883283892448807e-05
-1.544981736869144504e-05
3.506315971216135931e-06
-7.242703908749591454e-06
9.065964913364906228e-06
-3.490675601744752234e-06
4.987455548373890723e-06
-6.481447422093026848e-06
-3.726785963654922965e-07
-4.925005956913643904e-06
4.730336918474316145e-06
2.132972090978268770e-06
7.900012712126682369e-06
-4.626611174009553657e-06
-2.023359814194265413e-06
-3.215112655753131501e-06
-1.457973999875080405e-06
3.179733271756493925e-06
-3.439469833955928353e-06
8.084769595485831846e-06
-5.096988695877025365e-06
9.137523164127286959e-06
-1.421867868790720130e-05
6.550629356059498758e-06
-2.373359628745071878e-06
2.579171768918767202e-06
-4.814987239370438466e-07
-8.338195954960454464e-06
1.500160921694697441e-05
-6.150679726047973169e-06
3.573363122137991209e-07
-1.177945534632430949e-05
1.098868365186602471e-05
2.185466644476674776e-06
6.908385548768223612e-06
-8.839003778354546323e-06
1.206389233048815583e-06
-1.606454209029117445e-05
1.391873108162168811e-05
7.779649929863977184e-06
8.840971500976785785e-06
-1.907836536789853975e-05
-6.548696054974985700e-06
-2.268806184659942612e-06
1.161645240040344666e-05
-4.461220498242637016e-06
-4.243896544983919713e-06
8.000966279063698888e-06
1.328495510274271390e-05
-4.521274773191195760e-07
-1.259824081790105848e-05
5.473040049452313751e-06
-1.015519816453347860e-05
3.622551907524016064e-06
-1.459251297696742439e-05
1.647422601037462221e-05
-6.058814043911677367e-07
-1.709676950692720003e-07
-2.862709984015752627e-06
2.370717603321157230e-06
1.338798234780888088e-05
-6.432059387256399373e-06
-5.114227218318357694e-06
-2.382840430868424545e-05
1.956438148327236439e-05
4.050412044603591728e-06
2.752710016553912791e-05
-2.783068824157230396e-05
-3.759907057050232516e-07
-1.596567077300490014e-05
1.807276740753964726e-05
-1.449367661526648187e-06
7.951361843047335146e-06
-7.550914440553157263e-06
-5.946049998583419151e-07
-7.280766213966954992e-06
1.259067392316068465e-06
6.390392754031585456e-06
1.188271322337106138e-05
-7.404527650551702346e-06
-3.958180202832271316e-06
-1.230270940816632191e-05
1.275314726512261708e-05
-1.397957001227785985e-06
8.706159975069786134e-06
-7.179586586439517019e-06
-8.481256286026569351e-07
-4.694117812691940691e-06
8.167485104804394483e-06
-4.504249527313101270e-06
-3.125093973257609824e-06
2.123431033659509267e-06
1.259890433301944293e-06
6.011556348831540515e-06
-9.691690597726288804e-06
4.750559109227754130e-06
-9.176297288175639093e-06
1.506664831981621570e-05
-5.552781461899683664e-06
7.339479685684380270e-06
-1.035025992531239086e-05
4.539335688736888770e-06
-8.102837330802804537e-06
6.980687638570363376e-06
1.552078523081792944e-06
4.706283807062384366e-06
-5.903164461250800755e-06
6.039269406533700335e-07
-4.343588027220549687e-06
5.417236598940899844e-06
-3.005547987916043230e-06
7.097439580728117162e-06
-4.550089919647091905e-06
-7.738799031164136249e-08
-3.237865616006708237e-06
3.231084064343722658e-06
-1.234112330580820034e-06
-1.082490039569151617e-05
1.142605912156563675e-05
-4.217250478525382755e-07
8.295774793139933852e-06
-8.467522267314741581e-06
-4.591681472691018940e-07
6.660162571003890481e-06
-1.102131972098318016e-05
5.215325333754819177e-06
5.459467059059056019e-07
6.899939320454486657e-06
-6.662920248897847250e-06
1.589033973828024517e-06
-6.856871806560772183e-06
5.389152967489170172e-06
-1.582987766703313279e-06
1.060278969057475000e-05
-6.926306951822860730e-06
-1.011284347770706672e-05
6.589878015144907622e-06
2.361251773533497796e-06
9.016917054120572009e-06
-1.470894257946842815e-05
2.437703030193927932e-06
-4.647900952464191910e-07
1.803241334848221169e-05
-1.733228192780128071e-05
-6.046852167993047337e-06
-8.013923009367602532e-06
1.529257644181309774e-05
-1.529947575073721696e-05
2.087730903075719148e-05
-4.063699646829432806e-06
1.997721177957622506e-05
-2.308883808440973906e-05
1.887490980759639930e-06
-2.887419400698057372e-06
7.511424700357262417e-06
-3.870209721739473129e-06
-9.414795637758420808e-06
-6.476791235333719172e-07
8.670887721150671168e-06
2.185525949511426635e-05
-1.291459242847065560e-05
-8.345198830397955925e-06
-2.357860594851046425e-05
2.136165940492472078e-05
2.330890923181412218e-06
1.036089708626394902e-05
-1.386025988052686745e-05
2.494352396028573705e-06
-3.068046678279981043e-06
5.740161770872252221e-06
-2.350368587322660319e-06
2.769654907440930559e-06
-4.899113341423616671e-07
-2.274566188529300679e-06
-5.828041618521189458e-06
5.783778886519954843e-06
-1.078572534862403878e-06
5.584822888777263159e-06
-9.336240818870690701e-06
4.668823751932636170e-06
-5.289386856723829770e-07
1.947786001391915950e-06
-2.695172204712444931e-06
3.040041221039600523e-07
-4.943912389663315896e-06
5.497075170383621846e-06
3.014903245409533174e-06
-2.005423964294029276e-06
-2.430985497833392656e-06
-5.408330820771641879e-06
5.586718833689428322e-06
4.617573961201537451e-07
8.533421870196119716e-06
-1.049653031872719417e-05
1.668123279839189019e-06
-5.732672539066641792e-06
5.783684112934346969e-06
-1.035765211839821741e-06
7.011059039037177815e-06
-3.267429736066601061e-06
-4.127867298776033444e-06
-6.067939945389125576e-06
6.741012672996517891e-06
6.187500032700060616e-08
2.244276944678739420e-06
-4.427581554093442529e-06
3.583121881257527358e-06
-3.940416890504173139e-06
8.930291288239203398e-07
1.197236959826284954e-06
-1.055245272499394087e-06
6.364477529934603364e-07
1.865810766513940075e-06
1.667637196666080202e-05
-1.578812927419475466e-05
-1.379928531038754683e-06
-1.316768040235694815e-05
1.375494408663499715e-05
5.974370447131446783e-07
-2.733425560540346378e-06
6.095919651865567483e-06
-3.757202525779321082e-06
2.130584012768827672e-06
-6.358639519603051336e-06
3.916528070648457162e-06
-1.116929915178108459e-05
9.190949047417495022e-06
2.133320583389497716e-06
1.065755268998525945e-05
-6.868272179227900926e-06
-3.385285754051943664e-06
3.266224268622856895e-10
-9.664479736380470832e-06
1.121866395037903257e-05
-1.256767421447240872e-07
1.900522535245829079e-05
-1.730476412640269174e-05
-8.567251115682307833e-06
-1.405692752535929850e-05
2.005624803415300962e-05
6.479513716783096952e-06
5.527482491753629067e-06
-1.465222507897519051e-05
1.420502889726480331e-05
-1.492387130470786336e-05
-5.648693960425742394e-07
-1.547802578666701475e-05
1.397625073411557482e-05
2.011021187341531925e-06
1.025293614069554358e-05
-1.166653028606741025e-05
2.740752153450636407e-06
-1.445476939196177341e-06
6.111489164503339091e-06
-4.510878259468307041e-06
-1.424594457709856380e-05
5.945439027318671666e-06
9.258219093599030436e-06
1.580708992311992780e-05
-1.039737446891342159e-05
-7.444775392482027767e-06
-4.536923597411882128e-06
6.550781682230317013e-06
9.287359225625964982e-07
-6.396623410263483034e-07
-3.455210117567383043e-06
2.903414434925367051e-06
3.523841863789807364e-06
-3.598605772097531526e-06
1.071266429250295165e-06
-1.927990288137628805e-06
8.240783792012117246e-07
1.593444034004684227e-06
3.255962516304948605e-06
9.086525057741561993e-07
-5.339276681518554703e-06
-9.007306884920962108e-06
5.800039269148756340e-06
4.322006599012911520e-06
5.955165306688510202e-06
-6.050891043068171507e-07
-5.450370607000543099e-06
-2.813886446117845608e-06
1.026494316779891572e-06
3.091641750695975008e-06
3.076624108553326076e-06
-7.984109921474209087e-07
-3.371905221505886244e-06
-6.004375707847718754e-06
4.711079467339734581e-06
2.155701595985242813e-06
2.885052103342762174e-06
-3.596975458234664708e-06
6.897248599393307478e-07
-3.712789263760031614e-06
1.896530362302181749e-06
2.419651287981355327e-06
8.047919356650999847e-06
-7.573796681857173144e-06
-1.262079877803267509e-06
-6.643836304102667388e-06
7.847249855038183528e-06
-1.677433086763585992e-06
4.591010296501936308e-06
-2.972220688126673542e-06
-8.240337820202661191e-07
6.166366255496889472e-07
2.711907322686074998e-06
-3.880130969353224940e-06
-1.152004787739351855e-05
7.525181535995427196e-06
3.228992673251390822e-06
9.324078230835027343e-06
-7.971935100419111605e-06
-1.598596420919102287e-06
6.600548945897698797e-07
-2.171067063482042121e-06
1.230813821220765782e-06
-1.504116434948637758e-06
3.138348809567583658e-06
-2.357250671592696654e-06
9.140577419687355090e-06
-8.411968086780503330e-06
-3.486435759234790755e-07
-1.165420957193934201e-05
7.495727011864376705e-06
4.191435965249513173e-06
7.122122223092505953e-06
1.750901469773211243e-06
-8.825394668602524985e-06
-6.972600810284171223e-06
-8.328667583342227800e-06
1.593436919798369179e-05
1.276102647468154430e-05
6.225717429277158468e-06
-1.581301345712171445e-05
-8.369955727736169389e-06
-2.304583742608894321e-06
1.243633703058358083e-05
-4.317642517782418660e-06
5.190416634697075384e-06
-1.374187880585091805e-06
2.312083441212541560e-06
-8.542224813251758777e-07
-2.881577503568364925e-06
-1.887765671838058252e-06
2.173904607222992369e-06
-1.025988123971220482e-06
2.357154518563320570e-07
-1.854785908815837286e-06
1.268248697391455353e-06
7.103641511543945470e-06
-4.157464820274098460e-06
-3.911089402308178550e-06
-6.501116776953472988e-06
3.468334246096264691e-06
4.654123150752365534e-06
4.964071108268360634e-07
-2.395631189580692692e-08
-2.675998558952407595e-06
2.429104754408359084e-06
-1.055782843408437419e-06
-1.064828058122114500e-06
-3.182817801291192913e-06
4.433442259189341366e-06
-1.861865096521929348e-06
5.915430934412360968e-07
-1.795622585770056593e-06
6.740063835695159363e-07
-6.413854296133110304e-07
-1.412013109541880227e-06
2.788855716167495231e-06
4.157777423870024996e-06
-2.065453735889248598e-06
-3.650416490175037790e-06
-3.653193727575716255e-06
1.803723985948431537e-06
2.713951532635127881e-06
-4.562061127166806233e-07
-8.586436475070484929e-07
-9.753649376671724713e-07
8.694913984643674182e-07
5.896068424350846965e-07
-4.030337636054667425e-07
5.038384724783431757e-07
-2.132100262603882595e-06
5.597785825099254198e-07
2.102957426219198957e-07
1.834280573912955932e-06
-1.807248041583981281e-06
1.419346866525197354e-06
-3.104228263542978185e-06
1.768239630106292727e-06
-6.525664507261881564e-06
8.991375418969521096e-06
-1.593253215169176056e-06
9.186888233732460796e-06
-8.245054497331721452e-06
-9.136988774470871624e-07
-7.263026830690555346e-06
4.295278691814440048e-06
2.743299495839386386e-06
5.625383073467543838e-06
-6.327990673749949168e-06
1.903418268693906381e-06
-2.867704065095627808e-06
3.150611362043477656e-06
-7.414490143186583827e-07
8.190067884654824777e-07
-9.926582773903356449e-07
7.589333459890255184e-07
1.165289205584819476e-04
