2.492830172070676274e-06
-2.306979014488672788e-06
7.243204945547871074e-07
-4.509614013018932773e-06
2.625763072240184029e-06
2.019509723545360585e-06
1.022308891660791261e-05
-1.357667538981087771e-05
2.037217371836000098e-06
-8.023099629261091687e-06
1.976511667179593049e-05
-1.109729766577569915e-05
5.804964056373096372e-06
-1.493398015524124577e-05
9.024421876523522790e-06
-1.210132561319269589e-05
1.817846488489200339e-05
-7.804705803117301338e-06
7.890240363727040834e-06
-1.129461936157205859e-05
5.450823719181838213e-06
-1.492298098490613440e-05
1.702255253279854417e-05
-3.517734995676944710e-06
2.408449210224990173e-05
-2.882757012806611937e-05
5.545364667261448718e-06
-5.407956039829682349e-06
5.343800505546255795e-06
-1.816460986560672314e-06
-2.833032931864286951e-06
6.778091053199043428e-06
-1.785646279036730055e-06
-2.202288380797798160e-06
1.577517854970024994e-06
-9.785426899390073710e-07
-1.766891761107202742e-05
1.676784542722584305e-05
1.245338228749430119e-07
3.069503784270983805e-05
-2.236505355329926345e-05
-7.998125385196756218e-06
-2.130779637415428887e-05
1.693953473547042313e-05
5.185410867269811411e-06
1.583191709017275231e-05
-1.990494566324471030e-05
3.455880329611238379e-06
-7.052762793309623231e-06
1.190402267090643044e-05
-3.961554441082251681e-06
5.226872689075037608e-07
-2.535968335019186102e-06
1.803112767195817059e-06
1.271152073570953040e-06
-1.799114679695234320e-06
1.893382196519992417e-07
-1.876611482805727911e-06
6.776595126930613871e-07
1.766424251132933059e-06
1.083023946642707814e-05
-1.004930662311517495e-05
-7.344893900376092872e-07
-1.221714403567315239e-05
1.408668894307146287e-05
-1.875740785802737917e-06
8.525782258722996388e-06
-9.361491038728076447e-06
1.086236291996029970e-06
-4.441956739329164496e-06
1.581780574377507217e-06
2.420001369704793994e-06
7.603606286087950466e-07
2.355603725362656107e-06
-2.836224969582976667e-06
-4.990869278436225022e-07
-5.127580496224016729e-07
1.853764376941420677e-06
-2.561125851375353964e-06
9.630558887354594467e-07
1.103872294049826932e-06
1.264508284137090066e-06
-1.160833326044872359e-06
1.183012389402458904e-06
-5.233866851053393688e-06
8.494652645912397865e-06
-3.831315153094705350e-06
9.766087381862807498e-06
-9.160462277462181900e-06
-7.702079276590393948e-07
-6.767032762042223547e-06
9.406546282720706903e-07
5.467422824654661758e-06
3.788170068799977568e-06
-2.872049518429405091e-06
-1.118530952429390657e-06
2.008222289459502203e-06
-1.779210156219264052e-06
-2.531927908539659801e-06
3.683747436021662978e-06
-3.109036291203274611e-06
-3.066774890813550776e-06
-1.613729875297776166e-05
2.200292427996863252e-05
-3.192142730010748106e-06
1.794708976560556218e-05
-2.861379108225492473e-05
1.100635205959802986e-05
-1.087257928802973777e-05
2.293491743130103447e-05
-9.496450202699164748e-06
1.258696066426209780e-05
-2.239640727806644288e-05
1.067528205377867919e-05
-1.426531525864873714e-05
2.259402335158597200e-05
-8.861093556571866334e-06
2.611866763174056124e-05
-3.326531896997792019e-05
7.462124277479435011e-06
-3.605649187081731884e-05
4.650158217441367178e-05
-9.605484776579896990e-06
1.748231858181417808e-05
-2.917377780307239013e-05
1.178890088469993650e-05
2.724030660914258915e-06
-3.483353539346700426e-06
1.378640631112234752e-06
5.837448601475210700e-06
9.625391430070590699e-07
-5.942543999072456371e-06
6.852138481103553319e-06
-1.154355131641410245e-05
7.537901437786740604e-06
-2.221500582486430974e-05
1.622300647080528302e-05
4.843395075940677629e-06
1.657654211290678932e-05
-9.990025057237146154e-06
-4.845440714880011651e-06
-5.551274389078271625e-06
1.757888640540581526e-06
5.660572151409705546e-06
-1.544617552137015769e-07
1.173519433237765904e-06
-6.020446409198818211e-06
6.961804933094948996e-07
-3.305930133043843183e-06
3.721507955155860015e-06
4.432598679904995093e-06
2.425929940048311066e-06
-6.061566328482555043e-06
-3.874910719981767489e-06
9.892392390011473977e-06
-5.809882556304697117e-06
-1.199030511341660682e-05
-1.172515406595597548e-06
1.023602585572982413e-05
1.292855117537184217e-05
-5.880338521030502213e-06
-6.371413777839616325e-06
-5.185802050874747859e-06
2.116398158208415912e-06
2.578835517136879432e-06
-2.140715817509521434e-06
7.895095458403122730e-06
-5.567925709722106243e-06
-1.269089807913781928e-06
-4.916419296533415360e-06
6.439818684878629990e-06
3.266555235209991031e-06
8.461098627171394123e-07
-6.877178572462854985e-06
-1.762679085769654285e-06
-5.347525448032321963e-07
3.650496186335927721e-06
5.849351243072100834e-06
-2.076293461358132969e-06
-6.407208679433753790e-06
3.380704283907935526e-06
-9.659083454919648124e-06
7.986747814461960047e-06
-1.159442637515018060e-05
1.222324807996682177e-05
-1.346118634848619183e-06
6.497449434761128774e-06
-2.508934373612906147e-06
-4.052897628600051752e-06
-5.213834812376309237e-06
5.891754851787472854e-06
8.668724654764328199e-08
-1.068261680964932815e-05
1.240673264883203030e-05
2.870553762927725409e-06
1.118758220528720005e-05
-1.021136136372592915e-05
4.913992940949424933e-06
-8.544046758051665892e-07
-4.087637831769973444e-06
3.193910323920858113e-06
-2.439597286272766641e-06
1.189294543341348172e-05
-1.449960813206082831e-05
-4.489848730391294638e-06
-8.655883132687531358e-06
1.274949818926495335e-05
1.962602310803563825e-06
1.004626297940850654e-05
-1.222554721476978486e-05
4.968454813617503363e-06
-1.527623920378984676e-05
1.066850271774107253e-05
-1.184079013085143474e-05
2.176820814712939723e-05
-8.102797944866668768e-06
8.826358908307585947e-06
-1.434467822483461783e-05
4.093534678792710684e-06
3.220687328232689392e-06
3.482550796456677114e-08
-5.790638410732934518e-07
-8.338590255796317694e-06
1.248393387572379239e-05
-8.627976014687507676e-06
2.204427192607117620e-06
-8.373531648903235266e-06
7.643314579452196794e-06
-1.314378901138498865e-06
2.582385752492490393e-06
-4.906617371749205907e-06
7.783089755093519497e-06
-9.288180578909809020e-07
-6.176592612358519573e-06
-8.289769431525730893e-06
5.259190431201747254e-06
-2.037269389590234777e-06
-1.101620590316211915e-06
-2.605049104617973086e-06
4.999251248198536803e-06
3.863135242631211553e-06
1.461266605720815484e-06
1.630129080992804033e-06
-6.528665423513454745e-06
4.890588168167231077e-06
-1.065516806842545349e-06
-4.357928545177530400e-06
1.398602231180984455e-06
1.946204511029750393e-06
2.913018308738654047e-06
-1.745895994886483167e-05
1.399172997733967209e-05
1.503776997374406219e-05
8.829450879480667613e-06
-2.157760543377719889e-05
-1.368377393581618672e-05
1.680275157908354126e-06
1.239996194687401147e-05
7.552149022980260461e-07
-1.310979425008983667e-06
2.867835423111395159e-07
7.214157356809181796e-06
-7.060766737406833475e-06
4.819859335739612849e-08
-1.263862375002694705e-06
3.483754215779837017e-06
-1.397293635797143810e-06
2.168211991148744736e-06
-4.209170125354751183e-06
2.984145008767547105e-06
-3.154385253939128726e-06
3.948955485727253170e-06
-3.642766734805984790e-07
5.944223472900211582e-07
-1.497041854806525945e-06
8.160275478763567822e-07
-1.199033936312798579e-05
1.292299151285822935e-05
-4.650501031867495378e-07
1.810434640425241478e-05
-1.519631472480621542e-05
-3.048304727351489868e-06
-1.122882685635473737e-05
7.163487458384802973e-06
4.175333859936271861e-06
7.222927982982848736e-06
-7.732344198033525658e-06
-8.510103358105960177e-07
1.587975044971333909e-05
-1.816198967815590569e-05
8.732424127271088223e-08
-2.104116667151170630e-05
2.326675273766287498e-05
-1.066776022426295744e-05
8.384095343363347973e-06
-8.285440185890373808e-06
3.858374822872762971e-06
-7.747667874349205945e-07
-5.578981081954447475e-06
9.317059785191961633e-06
3.018483430889526276e-06
2.159478742220282354e-06
-7.396045455530341126e-06
-4.941085028869220458e-06
1.102234957774042503e-06
4.862700195683347231e-06
-1.484915176191946092e-06
6.417582626472606745e-06
-7.169745785890352441e-06
1.108210458459710133e-05
-2.240080162496632977e-05
9.963714069932845112e-06
-5.465132331353880261e-06
1.274612586857768923e-05
-8.896325782072806281e-06
-8.514162068661529118e-06
6.047317631617913717e-06
2.257639858868423652e-06
7.289568707203998291e-06
-1.073858858274867068e-05
5.327936094465697988e-06
-5.966195205415013975e-07
1.803783200205162852e-06
-1.131127677719432075e-06
4.381422593316303487e-06
-5.636378072851276600e-06
2.778884378755079115e-06
-9.481030184110003913e-06
6.577826800836420219e-06
3.432278896651341912e-06
8.590568328986335832e-06
-6.431595740267169199e-06
-1.832436568544209464e-07
-3.120584632230838054e-06
1.975993421624622817e-06
-2.143820196499935480e-06
-1.743168433604889777e-06
5.117953348620464049e-06
-7.627994289801561249e-06
7.720208292318564235e-06
-1.019667832167834947e-05
6.887716055127142650e-06
5.211692221178289484e-06
2.028398304281086739e-06
-4.608004475426614923e-06
-3.293072095736458688e-06
1.048726165782291250e-05
-6.782655151158523832e-06
-1.291183055922437499e-05
-5.242615195894879890e-07
1.214900594554911529e-05
8.632572236646371503e-06
-1.028543449247793325e-05
-7.368691962400171106e-07
7.185162251086905381e-06
8.195887993424308155e-06
-1.355635817988736648e-05
-1.629043212203230772e-05
5.037124387109069966e-06
1.092623397451012251e-05
1.036765970308933731e-05
-4.764077779147081148e-06
-6.036938958555336648e-06
-7.292081226064161376e-06
3.521760513357864763e-06
2.266361819588201391e-06
5.953920496586819866e-06
-1.607575440965372266e-06
-4.223208331614778535e-06
-5.325764950160174799e-06
5.169069438323364651e-07
5.232039729193307808e-06
1.395759752829922828e-05
-8.384736105268986698e-06
-5.862745842731243394e-06
-1.125089106779439242e-05
4.131877894514159006e-06
7.206429580448766832e-06
2.821104945034248951e-06
3.269693586227861640e-06
-6.585426797818387342e-06
-2.123551269327443063e-06
6.438386599423506562e-07
3.258585380197465755e-06
-8.280894654797047071e-06
7.830640722203260966e-06
1.277307100801910188e-06
9.589673974896240153e-06
-5.530741306919761695e-06
3.574815600474531050e-07
-6.490454464730407457e-07
-4.295750688469633470e-08
-2.484959242046222682e-06
-9.650115007493529739e-08
6.267264913422574785e-06
-8.272445659037811887e-06
5.229296031846078933e-07
-7.906750388539752550e-06
1.023596106991263738e-05
-9.542901533779550775e-07
3.003964334146779757e-06
-3.261188476336945814e-06
5.791592841670249896e-06
-1.105112233463954278e-05
8.418132473184363794e-06
-1.541508784762190819e-05
2.787821732130932437e-05
-1.196829911342684521e-05
1.054838987894667410e-05
-1.880366795159742034e-05
1.151174148778973930e-05
-1.913421248572268341e-06
5.964800998661501884e-06
-7.611796133362909534e-06
-1.090886184815286695e-05
1.616293788258640500e-05
-4.754169399118448033e-06
1.422341204162550589e-06
-5.325468847407199496e-06
2.425533505055198382e-06
1.194455476481556035e-06
-3.551368070333963072e-06
3.123714674066648283e-06
4.050381205702803260e-06
6.627230418579167102e-06
-1.221229852934921137e-05
-3.047888878520118639e-06
-6.470853166573799495e-07
4.384188213309398062e-06
-6.865321018640255213e-06
5.515605097324048902e-06
2.031066422209905226e-06
1.130747428516190394e-05
-1.554071512707382702e-05
7.731635513658876630e-06
-7.617559340708449908e-06
1.043293992259519085e-05
-8.436622118557565172e-06
-2.070837280955551698e-06
-4.379533133876286896e-06
3.846153091165724434e-06
-1.966688804179007489e-06
3.153183085961045372e-06
-5.848897855426192646e-08
1.525680550391216505e-05
-1.363705898809348463e-05
-2.574543235153061295e-08
-6.302624678017872780e-06
1.407168657607460655e-05
-3.873527283144178800e-06
-1.074164725385947500e-05
-3.296955287005789530e-06
9.941413752516574192e-06
1.912842302321957283e-05
-1.046932781159853048e-05
-7.560391279520338149e-06
-1.313245680107178895e-05
1.080746480223615901e-05
7.508838312207776402e-07
4.298808326126308025e-06
-4.181778963296778698e-06
3.351292774024120367e-06
-9.105336559874352344e-07
-2.050005529681413342e-06
1.847498649578343260e-06
4.335174347850889303e-06
3.688701805858891011e-06
-7.564544410707389516e-06
-1.013305249640750254e-05
9.857342746354671645e-07
8.214511926346577229e-06
1.058576031383513623e-05
-1.552511114765396164e-06
-8.336502455720851980e-06
-4.432257199353451777e-06
-3.830709047006759229e-06
8.420447816535551520e-06
1.017971108421525150e-06
4.442651198262657339e-06
-6.709129006402241797e-06
1.604769454049009982e-06
-6.359334037850895366e-06
3.613466094724784324e-06
-5.049119483892610224e-06
7.461201180212370079e-06
-5.737357568985808004e-06
-1.905597956101539147e-06
-5.490087642721337517e-06
1.095355102381775561e-05
1.232984801832982489e-06
-9.723975914088675104e-07
1.299692839078601681e-07
4.373145653877300837e-06
-3.288385384103597276e-06
-2.476449659482715134e-06
-6.771553970804064016e-06
1.777016599552197571e-05
-1.098174810399685353e-05
6.574958881100345418e-06
-1.738361368106854007e-05
9.441406330539962988e-06
7.715733913843035135e-06
-1.117237853299266461e-05
1.810599543227736465e-06
-5.519035083067271685e-06
1.115469843478791020e-05
-6.072524980970816935e-06
-5.188811377549744988e-06
3.921123229364180878e-06
3.160340015351543280e-06
1.813322764380684789e-05
-2.462639567253087683e-05
5.938259249476915389e-06
-9.475181048963820371e-06
1.485563656217626923e-05
-4.702165050972353710e-06
-1.042991428462617039e-06
-3.615179288600811443e-07
1.694327341488953152e-06
-1.608552235857070071e-06
-4.518786168006714909e-06
6.500474656699170034e-06
-6.035351918607530277e-06
5.741561386494831263e-06
-1.344372209683304529e-07
2.672393077041942581e-05
-2.508175342054248580e-05
-1.234535510001011417e-06
-2.500150457829429453e-05
2.481921050190100608e-05
-3.111913737946306030e-06
1.118513397181787590e-05
-7.718039974398423125e-06
1.550806430097179529e-06
-4.828431690590570622e-06
3.878604057023784912e-06
1.291917527589307946e-06
6.442654428428074806e-06
-6.503677463575044073e-06
-1.173092596560481779e-06
-1.550095008930741622e-05
1.625288575887798699e-05
-3.182507874282011148e-06
9.091247038769525242e-06
-1.619470327660449158e-05
5.069785538798939254e-06
-1.313042081865029686e-06
8.695795106154910958e-06
-2.072704015646962419e-06
-2.616888036654034477e-06
3.052463509625029081e-06
-8.719092688382505078e-07
2.807248881753245818e-06
-8.202063591178442270e-06
6.706942659549996234e-06
8.923626447345377159e-06
-1.033369098513822526e-06
-1.150342064597465803e-05
-1.681006454088779801e-05
1.849684830077448115e-05
-7.796990417228159253e-07
8.057692013062564912e-06
-1.787858147768428473e-05
9.649818889802311872e-06
1.392867972771692867e-06
7.597749004099738556e-06
-9.327388996718346775e-06
-9.216667613278060092e-06
6.838130752915589223e-07
9.505397759064593567e-06
8.924178932476174242e-06
-6.018748227293907091e-07
-8.198202881350728701e-06
-2.579061336959147012e-06
-2.097382004737233729e-06
5.273493573113100788e-06
4.246754193758941418e-06
2.702659011059817091e-06
-6.711494356156151681e-06
-1.321612093664559296e-06
-7.066073272732936359e-06
1.118431661166707658e-05
3.983517558241087190e-06
6.251720293671228325e-06
-1.323857420858566929e-05
-3.558273459578082046e-06
1.489670911952089961e-06
1.774738669517310667e-06
3.061632414251314353e-07
-9.950682839134863294e-07
1.623669204574859137e-06
-7.960824145246118868e-06
1.678567113131998158e-06
5.615494738627459172e-06
1.500100838928389736e-05
-7.059662009289598952e-06
-6.317346942072865040e-06
-1.742738026554792622e-05
1.613220491149636811e-05
2.350740667546505686e-06
6.680632999763947479e-06
-6.009336050298039039e-06
-2.117023067306390606e-06
4.555596721972928639e-06
-7.484940984810556873e-06
3.600028435093521084e-06
-1.355751557371018192e-05
2.122383816034006628e-05
-7.661629026111546289e-06
1.031471282354907485e-05
-1.439423051319424436e-05
4.107633066984246091e-06
-4.296287811807505936e-06
7.347197085253576307e-06
-4.864588934815026818e-06
5.379035151451021972e-06
-4.194040420353443637e-06
-4.391881823243184071e-07
2.825977531934442983e-06
6.975952259046572766e-07
-3.268178341622028383e-06
-1.814223018005880391e-05
1.397315448698822293e-05
4.660709194824756203e-06
1.476084519233914841e-05
-1.022673358388151504e-05
-3.117334202185004673e-06
-6.712871468200934825e-06
-4.524152268611674564e-07
3.891935877088042696e-06
4.545842079285990111e-06
8.067562127464024976e-07
-4.946738394197260998e-06
-4.736286366489496702e-06
7.307460897026153678e-07
4.431804247620592579e-06
1.053937446433505739e-05
-9.779114267359210027e-06
2.747715056741150814e-06
-6.640624404240992318e-06
1.134789167651534935e-05
-7.050975039588382650e-06
2.020349130020554184e-06
-5.274712159842178851e-06
1.575925961231347214e-06
8.046320620553954665e-07
-5.459997429276724942e-06
2.573140678080127565e-06
-1.833778840195190511e-06
1.150559629203824703e-05
-7.593049800637382337e-06
-6.651360654997406032e-06
-6.410386512471145828e-06
1.671930609847374727e-05
1.342453629587432436e-05
-9.885903820684657117e-06
-5.913953614945326165e-06
-4.139408430223317698e-06
8.486937381726957532e-06
-3.144732064747847923e-06
-7.381919782130564596e-06
4.041794362371720916e-06
2.437886225577596735e-06
1.195151713632123741e-05
-6.633694838030749651e-06
-5.822016422458572601e-06
-9.227416025476785480e-06
7.132360256505617185e-06
1.324016245369132622e-06
4.523802777223751388e-06
-2.574965237642590443e-06
-9.524500605204342892e-07
-7.620411714078457968e-06
2.935709227817770735e-06
3.781582732778140338e-06
7.573838059744824350e-06
5.613402516241891997e-07
-8.749162764561723500e-06
-8.032626556814212278e-06
-1.735165837307533925e-06
9.641987514693874559e-06
8.781063450360111674e-06
-5.049496646184093725e-06
-4.319733534167669541e-07
-2.407455875305083008e-06
6.437598851668279516e-06
-5.162276779089861986e-06
8.138952820558349591e-06
-3.393705690145794172e-06
-3.850762328561728719e-06
-1.754651753363073506e-05
7.843801126784921961e-06
8.500681693096468757e-06
2.031557434193806774e-05
-1.967686914325087930e-05
-6.529539175903514197e-07
-9.946976404802574062e-06
8.339751865301710124e-06
1.373629377663869499e-06
-3.177810245315674026e-06
6.669674086893537682e-06
-3.834265675952751099e-06
9.992540855192070769e-06
-1.484807713157892280e-05
4.820862105432772793e-06
-5.938304126658311785e-06
1.675946184211366216e-06
4.463413714543542626e-06
6.980383519884460099e-06
-5.345623213265252114e-06
-6.024824454541505923e-07
-1.345815517222008348e-05
1.023007932098252693e-05
2.833623927857083777e-06
6.390080492679432220e-06
-7.226541697410094527e-06
5.154549767678825073e-07
4.894150297084013908e-06
-4.278062688255600587e-06
-1.164163001680841215e-06
-7.001228094792981698e-06
7.185432259611451144e-06
-8.396764436957223431e-07
5.268186023057713893e-06
1.710794283982739809e-06
-5.131180333202406798e-06
-5.066166933058651202e-06
-3.326189720200560883e-06
9.015344520973953666e-06
4.450579185341638445e-06
-1.841303896230084855e-07
-5.314772790610426258e-06
-7.215865046008355414e-06
8.301263134515283104e-06
-2.665734784157288643e-06
5.111322299322125975e-06
-7.927518945277872039e-06
3.472289088597709222e-06
-2.895577729719672080e-06
7.726060515730468132e-06
-2.747327810375559819e-06
1.780423888931376438e-06
-4.463007731489355994e-06
3.369836453832827678e-06
-1.733639085872396522e-06
-3.550945833822665386e-06
2.599467136653682916e-06
8.508969451151946289e-06
1.656402586143717132e-06
-1.405611517212097109e-05
-9.586762845812325833e-06
6.822673130331385189e-06
7.054849871668659615e-06
2.322707508173410446e-06
-6.768116292381716947e-06
4.503800692621511641e-06
1.377522986439160426e-05
-1.097056843874068003e-05
-8.414742691286423393e-07
-1.027907282089507714e-05
5.506074467134032291e-06
4.349703560468340017e-06
6.075427020477292548e-07
-4.321596824315352661e-07
8.568062572091994912e-07
-7.443382147974329609e-06
1.845603957683029174e-06
5.124733265102718947e-06
1.999375015666424740e-06
4.664458732157123546e-07
-2.077868681382195497e-06
-1.374160198730864438e-06
-1.512721835541905893e-06
3.316486270518700837e-06
4.870202980258478653e-06
2.367691122810625765e-06
-6.685004125666638627e-06
-8.261370608824651274e-06
2.967473306881851412e-06
2.152814529772603775e-06
3.047034357515984325e-06
-5.975308056862150570e-06
3.661819592346565388e-06
-5.415062568876434939e-06
2.130738232133858707e-06
1.324357220094426183e-06
9.672295395969724021e-06
-4.592007280144155243e-07
-7.229633368263748393e-06
-8.317031281045792742e-06
8.508088922467039734e-06
-1.398644468660235492e-07
4.323640050516497615e-06
1.445817846601980738e-07
-3.866718348537642974e-06
6.044532361082981565e-06
-1.133408215402897180e-05
5.339647793329244804e-06
-1.042597871677671998e-05
1.497877120828562058e-05
-4.341281102237806724e-06
5.690716880811986778e-06
1.520401955667979797e-06
-7.346099944856515976e-06
-5.544738052945381949e-06
5.480337960479573454e-06
-1.478942577665716345e-06
9.246645849855569658e-06
-2.853899405412976172e-06
-5.660181354582823413e-06
-7.046403199677202262e-06
3.826815243075433221e-06
3.761379602101946782e-06
-4.841920528782060542e-06
6.191926280221365705e-06
-1.568966933010020338e-06
8.924508961891671223e-06
-1.551911710927995065e-05
6.580993436084007543e-06
-8.027103442596966135e-06
4.501660366676482058e-06
2.833681597876656783e-06
8.153347065791910885e-06
-6.367058548819188830e-07
-8.485325264814877935e-06
-2.540328400983859847e-06
1.396084083347833265e-07
3.243429475156082365e-06
2.680297275759126969e-06
-3.382011658607509520e-06
1.599498270147810816e-06
9.633718673991724022e-07
-1.772610634941007030e-06
9.967245927061141691e-07
-4.971368439173403660e-06
4.944418704526052906e-06
-1.908866872228898956e-06
6.809677781814209546e-06
-1.113262398277555258e-05
3.622769767243033640e-06
-3.344842813478302478e-07
5.659731001049833816e-06
-3.023431564044375074e-06
-7.366934291746970106e-06
-3.735805147554274661e-06
1.277845032144176095e-05
7.790516740233317285e-06
-9.981704349959950141e-06
-1.585275596630824271e-06
-2.289649853236830797e-06
9.413005380201641225e-06
-8.712583852584161035e-06
-1.339433503371800712e-05
5.581333908162673530e-06
6.480054697299095273e-06
1.374952952146804168e-05
-7.382969753783267618e-06
-5.063862662301037413e-06
9.317234270572254119e-07
-1.547149182990665043e-06
-9.423903273270959919e-07
9.439617305050593062e-06
-8.797717699760470837e-06
2.332430426755795579e-06
-9.133723919041025565e-07
2.322828620133491200e-06
-1.566008955448329774e-06
-2.884769346620208826e-06
-1.384873396674040572e-06
4.119946830507436241e-06
-1.451343895777834239e-06
1.196894253867372473e-06
-1.072811335075025369e-06
4.909485645025043888e-06
-1.322534824218210246e-06
-4.595767255914660289e-07
-6.717669095118486661e-08
6.990033125805400198e-06
-5.826691128536704269e-06
-1.636425966671667561e-06
-1.200201462577672120e-05
1.561075772535082534e-05
1.244016164030502133e-06
5.024926373487357992e-06
-8.625736956049126291e-06
-3.944731157668398729e-06
-1.569608370711569351e-06
5.246734289807497968e-06
-3.266595675183234689e-06
2.810171504995059340e-06
-6.511765338112010266e-07
-5.728409409102312906e-06
1.144765403926604832e-05
-4.694228307154063614e-06
1.280987976043194806e-05
-2.275238328495303994e-05
9.870950262082890870e-06
-3.935535482633011032e-06
-1.110705675427236383e-06
5.774902498113684452e-06
5.526970418168898190e-06
-1.077871762433236324e-05
7.426191741867495301e-06
-7.295106272614716933e-06
3.078782004958960313e-08
6.159675893494669976e-06
8.234671120133088746e-06
-2.772430358686583869e-06
-6.142917968153151226e-06
-1.282314994192458971e-06
3.851427117029753821e-06
-1.951728676214946186e-06
-4.367614466317230011e-06
9.006593217003991796e-06
-4.206267185766079193e-06
3.236197462669036529e-06
6.030868668534037746e-06
-8.274983572824866612e-06
-1.592268357332774971e-06
-1.200396031712547746e-05
1.390648449507643535e-05
-4.383248515861611799e-06
4.573776530557548780e-06
-4.939113468504870608e-07
1.504356691191693793e-06
4.088758893074357205e-06
-6.705561836687536493e-06
-8.576497623628390367e-06
5.215844488723648747e-06
3.095148002848043117e-06
1.977135066343483748e-05
-1.483744061185222066e-05
-3.026247140012812047e-06
-2.431484370873639124e-05
3.102097979936910483e-05
-6.929253725797029673e-06
1.240278306248115605e-05
-2.297700611674097102e-05
9.600501908588036066e-06
-5.150907660322298935e-06
2.153511985919984896e-05
-1.776322253422540757e-05
7.230328043545295480e-07
2.767152764856277167e-06
3.745939368945648415e-08
-3.419852478540313691e-06
-1.843519803338014592e-06
5.894039160695653323e-06
1.805491897675724061e-05
-7.298017461849008195e-06
-1.061564138634547387e-05
-3.241454639823067524e-05
2.052884102731319862e-05
9.893181623580824398e-06
1.115744791872138034e-05
-1.095566242516116448e-05
1.529035000522630346e-06
-2.091538849240119109e-05
2.006660438990426104e-05
-1.601226824795447707e-06
4.007905349170607699e-06
-6.585457601422911403e-06
3.788566212352225383e-06
9.722373152521326218e-07
4.339733378297455830e-07
-2.931968024590619234e-06
3.752993551986804721e-06
2.612365113379124052e-06
-2.538056890136350704e-06
-1.125872970368666859e-05
4.855485970598435623e-07
5.849997135691410320e-06
1.543747351318013930e-06
-3.400868726307974585e-07
-2.017271799881352206e-06
7.163260268401646044e-06
4.058632127868598148e-06
-1.568072791925375224e-05
-1.547306461348865796e-05
7.238917824931878246e-06
1.150823753935499755e-05
1.607946515924414739e-05
-1.187036176790041614e-05
-4.372548877306697307e-06
-8.417949995792358344e-06
1.043515908331297737e-05
-8.795579617752836296e-07
1.053810199300092653e-05
-1.890888109190888799e-05
6.611213004221421681e-06
-1.499628982123750647e-05
2.915902116643833930e-05
-1.396324683550574829e-05
3.406088795392907666e-06
-5.571003258923596536e-06
1.617106711520504327e-06
-1.137200495693439455e-05
2.034471427962774800e-05
-1.247444613018825709e-05
1.214882124398881496e-05
-8.914860618636081987e-06
-1.079448929216977787e-06
-5.776406172211010543e-06
-4.359536924638590466e-07
6.742358949165932144e-06
2.649303583563795466e-06
-5.393828191260111339e-06
-1.381585095581768771e-08
-8.255712576659775444e-07
-1.513024043562311114e-06
2.558292911426884216e-06
-3.802812701053634604e-06
-4.331527008135231862e-06
5.171408463589600199e-06
3.705539361710926067e-06
5.158116959298354658e-06
-8.330578214649178202e-06
6.670181033600643998e-06
-9.324217366446901483e-07
-5.179442824449166573e-06
-6.768939570667732031e-06
-4.633994886207315014e-06
1.185087514531983228e-05
1.070590774952436709e-05
-1.507105762560375696e-06
-8.784614138127936671e-06
-1.937800219796701774e-05
1.160054178559876293e-05
6.715567795162240568e-06
2.079803184011764616e-05
-2.648671425473877902e-05
6.129366290473711257e-06
-7.984567472526539738e-06
1.828539370819134890e-05
-9.416213055389620942e-06
1.994627969211781589e-06
-1.256487036417861070e-05
1.182119743647906406e-05
-2.393358208936658188e-08
-5.195612402887979108e-06
2.168147845447574605e-06
1.472686235576562451e-06
4.549907605401991465e-06
-5.841451927125958559e-06
-1.402561229883810390e-05
-1.515041685293331126e-06
1.459922924886362984e-05
2.558119098824889544e-05
-7.651578376197002977e-06
-1.372086372300174320e-05
-4.895770644289434140e-06
2.523935808049066046e-06
-2.015470259514837869e-06
1.624995978407130416e-05
-1.001273069973151920e-05
-3.562675631260543957e-06
-4.425478884220785360e-06
2.496525675032065077e-06
1.269239889172294783e-06
2.195709108100773633e-06
5.557886405599204126e-06
-5.955401868270448492e-06
-1.040435704229910818e-05
-5.145662882532189483e-06
8.725721392798601130e-06
1.310978636802468331e-05
-5.043767968022660408e-06
6.827398558981866313e-07
-5.286603809367895285e-06
3.771642706479972211e-06
3.746297166206214531e-07
2.486568388381529196e-06
3.950899988467179438e-06
-2.232989226279924627e-06
1.484480448896932664e-06
-1.985576105335243069e-06
-1.198414323064311619e-06
-4.525160535514553019e-06
2.527275002973985489e-06
3.524670282856476398e-06
6.738883866858806385e-06
-1.094714273913890907e-05
1.050414480434499042e-06
-4.349777809308002908e-06
1.283476608077325311e-05
-5.070078631258139271e-06
1.069323686317231271e-05
-2.210698325701616985e-05
1.053338964922732825e-05
-4.807739160214681672e-06
1.431297949649342990e-05
-7.711919286117534811e-06
5.206377921377686578e-06
-1.162978037367635906e-05
6.181151005995738306e-06
-4.975631232882040033e-06
8.644677272273288549e-06
-2.410762687085117205e-06
-4.883882546708753071e-07
3.925015397344070245e-07
1.541153984012379074e-07
3.167726996967286492e-06
2.005042012263244081e-06
-4.334969726596412499e-06
4.453856768707707590e-07
-5.548776028258079925e-06
8.485138632411513843e-06
6.158193866118247232e-07
8.721509748904623195e-06
-8.010414972401868949e-06
6.016944395973429896e-06
-8.074448854390590307e-06
3.412697938066888806e-06
-1.247050622242583416e-05
7.381282586098372813e-06
1.619078509373177684e-06
1.459140306390109605e-05
-6.413142280303193443e-06
-5.299210504873783099e-06
-1.021806594112512165e-05
3.331647413559366944e-06
3.896198681235776539e-06
3.106679544744478178e-06
1.048208383903657098e-06
-2.424215168687629374e-06
-7.913098603297480306e-06
7.083590863206281988e-06
2.249147409882560597e-07
1.960748853948896070e-06
-2.160300175132800143e-06
-7.332884109480237589e-07
-2.523980694143895177e-06
1.709821020907531999e-06
-2.088030666593790661e-07
2.881950550199264162e-06
7.076485250980630790e-07
-8.205834339224465858e-08
-1.512504890062659555e-06
-3.095229097705417101e-06
3.778629519651476495e-06
4.141460115080933491e-06
6.281967323027898195e-06
-9.144884602084977037e-06
-8.925755754131470059e-06
3.188572799094509778e-07
4.557935657998039524e-06
-2.189045600849025967e-06
-1.800531608943619532e-06
7.091719516682519107e-06
2.927889936397497608e-07
2.220591585090209684e-06
-6.985963792879451922e-06
8.105015732070564841e-06
-1.473152421476859035e-06
-2.429382059305234481e-06
-1.820366881787506354e-05
6.512850418942143171e-06
3.292186194865564445e-06
1.574119054875559084e-05
-5.435839012635874587e-07
-3.687747619080718338e-06
8.797483768726594640e-07
-1.468453469559702857e-05
3.215801638162474468e-06
3.628006249009600634e-06
3.113373171608394438e-06
-3.445171318695251414e-06
-9.024869666022030962e-06
-9.412887466099163175e-06
1.296776038085199531e-05
1.162177847997800353e-05
4.110461585138826749e-06
-1.245027322253863979e-05
-4.514645800104057212e-06
-8.045263355345149011e-06
6.788304159198152588e-06
8.624489071811407618e-06
1.529418868450900377e-06
-2.696592928639438210e-06
-7.925965968611207340e-06
-6.870284891182439497e-07
2.549658240903139189e-06
-3.712353144024084206e-06
9.799132685143312679e-06
-4.021363818214784670e-06
6.080149748781521796e-06
-1.753818733585940764e-05
8.259186881334854786e-06
8.452466467599471030e-06
-5.424979784626296248e-06
-2.786556392586212789e-07
-5.810569540416274285e-06
9.074434603015022285e-06
-5.730339188606303926e-06
5.618196506176731393e-07
-8.250699501213145081e-06
7.379795592806441591e-06
-4.751942728277012142e-07
-5.685113066627072217e-07
2.570795100820095213e-06
-3.083976743422189228e-06
8.684835747693069909e-06
-1.145671965562511939e-05
4.716186060429555489e-06
-1.474065784604554235e-05
1.021322622160052946e-05
-1.343011840652216831e-05
1.359663584323195836e-05
-5.906394548347874762e-07
1.075336939747723709e-05
-6.051635432675737895e-06
-5.336339837454321827e-07
-1.124807754014353078e-05
2.493485162031490669e-06
2.831419825915217332e-06
9.516720881055019574e-06
-2.703983939145470013e-06
-1.245447101938250393e-06
-6.183329419631607737e-07
1.253370174526866512e-06
-4.514985754936048237e-06
8.459265101655215541e-06
-1.459119660928524855e-05
9.271472194149656126e-06
-8.473463021907041699e-06
1.633464951107548756e-05
-9.175846408284446461e-06
8.347927117151172669e-06
-8.715958188444973949e-06
3.663652180462921221e-06
-5.831601457134893264e-06
4.181062038235132343e-06
-2.171527979858946722e-06
1.275142181933496686e-06
1.513064191165616309e-06
-1.313260329256121770e-06
-3.883019636834251645e-06
-1.000384417322807112e-06
4.682316526387653165e-06
6.259194085728905489e-06
-8.839087877597964353e-06
4.652425102174591620e-06
2.097694596259955822e-06
1.517152426959853992e-05
-1.795752176947143747e-05
-3.108125786688971186e-06
-1.082782540447349242e-05
1.605658772949089582e-05
-9.530191522397330652e-06
3.150478929180788023e-06
8.539115414449631686e-07
1.680792706956913952e-05
-8.531503962274218601e-06
1.220218616711188727e-06
-6.770092573155936058e-06
9.218678551479804511e-07
-2.851298609564035486e-06
-6.277143110185087185e-06
1.426216733145168856e-05
-7.763925509360664512e-07
3.731315846393170091e-06
-6.133084650359833781e-06
-1.031601718606918255e-06
-1.177728390222445201e-05
1.398929285602985661e-05
3.859062073490273671e-06
6.262091058564812692e-06
-7.735904814738022995e-06
-3.100164407649778178e-06
-9.591500650369721425e-06
1.050005924515550840e-05
2.580859236821903251e-06
8.807760956079961615e-06
-5.011987276405341311e-06
-5.624026850356570011e-06
-6.413428776093556129e-06
4.251382534344458683e-06
3.666162284934504902e-06
3.730092032763613308e-06
-1.715272263450549302e-06
-9.527073715789639120e-07
-5.151558098742032397e-06
1.062400956526757614e-05
-5.199313315584083900e-06
-2.946323824338249144e-06
-2.870439115099172509e-06
5.395690842020539160e-06
2.578737855821980859e-06
-1.919391403338552760e-06
-8.289892347630756117e-07
2.052517960655574037e-07
5.160241549509040547e-06
-5.638412687415479033e-06
-3.196872993162794243e-06
-2.534273145447058823e-07
4.875904286503472852e-06
8.176748065420651142e-06
-1.134238950919187243e-05
4.720508439239849837e-06
-3.781180803153034537e-06
1.529794059961332649e-05
-1.092599016315353412e-05
7.201198317200060194e-06
-1.484851647497976010e-05
6.007420035609420099e-06
-8.614933339727406708e-06
5.626853572007031225e-06
2.290483866578117405e-06
6.422473044310922893e-06
1.539238810569047092e-06
-2.222499770473096821e-06
-9.648511734808856783e-06
4.090926728356923221e-06
-1.675012086673327730e-06
8.082022548889098221e-06
-7.778311674940646523e-07
-2.259772932435668445e-06
-6.511416769142829430e-06
5.367329149423992522e-06
-1.762393319210190872e-06
4.605245177545464074e-06
-3.436720914151214769e-06
-1.874614747798595411e-06
-4.238285120256338384e-06
1.725263408911014063e-08
2.408401674344543811e-06
6.090013303055660871e-06
-3.482327037455418090e-06
-8.444433259025200119e-07
-4.809519918805049663e-06
-6.885255482484993320e-07
3.600650559730637076e-06
5.312766625167931626e-06
-3.712311922180752448e-06
1.431689986223729439e-06
-6.550548410961851928e-06
1.974159671789525608e-05
-1.592742416321617620e-05
3.588172979048992526e-06
-2.871288275687043870e-05
2.477658424180506923e-05
-5.950874306406304584e-07
1.744404379539987401e-05
-1.749030229941561285e-05
4.072872439899679513e-07
9.466047227504534312e-06
-5.904219559831030437e-06
5.374143980711425312e-06
-1.725505917088758390e-05
5.537110283487767340e-06
-2.720254683803172804e-06
8.264045663013972799e-06
-2.810095206044986102e-06
-6.628964296277317371e-06
7.688253340853358039e-06
-4.894084413726348931e-06
2.190585856257040809e-06
1.794648124952534518e-06
-2.269861070761772823e-06
-2.978245479294078022e-06
-2.929663891937998856e-06
5.733124414987067027e-06
1.360856033468216977e-07
8.082852580439498795e-06
-1.230120760777247649e-05
3.437380721640211385e-06
-5.101323564986270877e-06
7.857787744980892082e-06
-2.473413728011864114e-06
9.820367794953548070e-07
-3.712486169344300833e-06
-4.345290559123948751e-06
4.487201442773141117e-06
1.881540166777458421e-06
-1.811373823982868813e-07
4.803507845099858007e-07
-2.561417614154349199e-06
-3.308011964225117763e-06
1.059527848746107265e-06
2.832316099559329767e-06
3.644459256637445668e-06
2.167506917592211977e-06
-5.476494668321302181e-06
-1.454086129176462539e-06
-4.149349127923066262e-07
3.440449821952880208e-07
3.631044846523942702e-06
-1.330453021313377749e-05
1.329659072952133907e-05
-4.503580707610033090e-06
1.617953044990085392e-05
-1.765863777808995600e-05
2.483279189161481123e-06
-6.131100685426988772e-06
8.275411348263570055e-06
1.690915596379355156e-06
-2.270011993144790183e-06
-3.663562995057349295e-06
-8.179866260966702003e-06
5.855730023066513967e-06
4.973871573255907332e-06
7.706912367623739319e-06
-3.203629607036145071e-06
-5.701677195288905516e-06
-2.249943949898098360e-06
1.069835867644925902e-06
-1.913932310736756988e-06
-3.512192610820160930e-07
-6.446955418595280483e-06
1.406751068282715477e-05
4.615188652094053059e-06
6.490390500599441398e-07
-1.218369733614670737e-05
-5.654930264102033952e-06
-3.986629134439324748e-06
1.255470372743110072e-05
4.847761103907228638e-06
1.417743161161065188e-06
-4.991569353697170681e-06
-1.276431085004612062e-06
-7.483061011511539821e-07
3.223439618090357089e-06
9.077766372030497552e-09
5.938008726490504328e-06
-7.234466120302755690e-06
-2.223475957743439018e-07
-2.456399674960941284e-06
2.307595016726135369e-06
1.253470845195799244e-06
6.812597341426255136e-06
-7.877895422602715727e-06
5.449656960095361762e-06
-2.808679464649925267e-05
2.306802495215544064e-05
-6.626061495027285207e-06
3.677083422266316603e-05
-2.917139784149875420e-05
1.858285795445577333e-06
-1.795304434425078424e-05
1.719576639832900289e-05
-1.103271251300382543e-05
2.462508586107829993e-06
6.260907681279128561e-06
3.702604056088165354e-06
-9.740312120004316129e-07
4.252135895338634239e-06
-3.658079866457761368e-08
-1.038358244983029829e-05
5.946148835647940321e-06
5.545847860740660736e-06
-4.439958285431814889e-06
9.117778052560068750e-07
-2.783957009944529144e-07
-8.017479254425978187e-06
7.068107272427413934e-06
1.205417277412929307e-05
-2.941580190013645126e-06
-1.371339069911027194e-05
-5.833440404644633100e-06
-6.019217920772042263e-06
1.910879305824865999e-05
7.538810636684316830e-06
-7.367140442970683777e-06
-5.508339580811655195e-06
-4.021184956462054558e-06
2.019426812146408746e-06
5.165317462586775660e-06
7.284957783203633058e-06
-3.268954888174229809e-06
-5.241010860361187019e-06
-3.066507015352186055e-06
1.123627237770754818e-06
2.207547980367276049e-06
6.868948667265063751e-06
-6.105140405814158891e-06
-1.946751087237309685e-06
6.847057742827020812e-07
-4.716381292953044804e-06
7.205261634328644362e-06
-2.237157503104667065e-06
8.122152348170928146e-06
-7.646153078300011442e-06
-4.910046150763337953e-06
6.043085071449523301e-06
-1.506831189364017782e-06
-6.147020306645934984e-06
1.563758238749193700e-05
-8.284883401272764413e-06
4.527908082514853494e-06
-1.436025518813652651e-05
6.815321528934295077e-06
-1.035809372799935381e-06
3.218482902524386871e-06
3.580578316415128919e-06
4.202788342117076977e-06
1.302949868687098623e-07
-9.248381431966056664e-06
-4.273049610545482196e-06
3.098517320718614495e-06
5.269834802104710811e-06
-9.262573479174611698e-06
6.103483594605174208e-06
3.529383866478586067e-06
-2.023286572621632993e-06
4.277896420803519470e-07
-3.866003466729482134e-07
8.991784387676995575e-06
-8.174563312608810385e-06
4.415242858329018858e-06
5.242870990067044597e-06
3.186411741379885196e-06
-1.318732476539227523e-05
-6.892961778896773218e-06
7.648477068603939521e-06
-2.717639038428577898e-06
-2.014108777328949783e-06
6.286336220254410529e-06
-4.938646108471701212e-06
2.990563257954891392e-06
-1.093794712078139187e-05
1.064845484595327733e-05
-1.989317592341469503e-06
5.093389557053924166e-07
1.553813147621206124e-06
-1.076091944796433059e-05
-6.148247305585196248e-06
1.620993735380046465e-05
1.657539286952682740e-05
1.394383603154116952e-05
-3.136726966798956457e-05
-1.382104141331018821e-05
-1.667036990631194231e-05
3.054653538253550727e-05
8.039663695769104637e-06
5.485062068397463699e-06
-1.550884538835220854e-05
6.865502938328321006e-06
6.636375769994168694e-06
-1.668079130124126730e-05
3.423723415989854410e-06
-5.569305617493794508e-06
6.298054714810278221e-06
-1.220830185517031389e-06
8.541022568471327847e-06
-7.131766496147403708e-06
1.140269697832051044e-06
3.626320947777612010e-07
-8.781458484025307941e-07
-3.003226414669301501e-06
7.141087058093249405e-06
-3.091926632404236771e-06
-9.322741840946009446e-06
5.612186824000683433e-06
7.837790616201282555e-06
5.901671444970608208e-06
5.858294622542495447e-07
-1.275083961970782372e-05
-3.152782609265668952e-06
6.261452462641618808e-06
2.427347974888024892e-06
-3.918766447223063175e-06
1.751782976942657437e-06
-2.332675335083422706e-06
2.225366109169775997e-06
-3.142778203621931428e-06
4.126735016206833361e-06
-5.405153298404665050e-06
1.408491777795632734e-06
1.568395855144823987e-06
2.784274895981322244e-06
2.552440476231109747e-06
-1.413439906246714028e-06
-8.195484258895934697e-06
9.835399370859387701e-06
-5.806186996352344784e-06
7.225512421573818825e-06
-1.327280741132017347e-05
7.418200744413976897e-06
5.095020745817302198e-07
-8.236919889237796357e-07
3.913370288283262523e-08
1.476119887593535102e-05
-2.617663491592903753e-05
1.151242035173853217e-05
-1.141996607530351202e-05
1.830932558989786059e-05
-5.030948077768321769e-06
1.704290788955631858e-06
-1.673377158630145377e-06
-3.657137693113429080e-06
-3.610363148052108966e-06
-9.565601567565937247e-07
7.847684529414747508e-06
4.630078920442202569e-06
-3.526991298422179700e-06
-7.051333560812389638e-06
9.388080079571780489e-06
-4.158782216552850536e-06
-5.506653211528574751e-06
1.883755423163453055e-06
1.505764008503834611e-06
-3.460116771648603703e-06
-2.302200668724563044e-05
6.713437853581769282e-06
1.544132399728507274e-05
9.059901404892157649e-06
1.834742192888893250e-06
-6.966849429737074087e-06
-4.154084884848468218e-06
-8.085093840311489158e-06
1.338992859519100421e-05
1.786600536680890027e-05
-1.841764437803246286e-05
-1.027408305884757735e-06
-7.899097799597345907e-06
1.243416380251303015e-05
-9.296835111917944500e-06
-7.000751919710984769e-07
1.545512925336772726e-05
-1.434603059610063935e-05
1.611994275132250969e-05
-2.089087055681280655e-06
-1.285482327511893611e-05
-2.362487717227841586e-05
1.214360006834551311e-05
1.502757978340326895e-05
1.853566064558473449e-05
-9.171446231324659754e-06
-1.141728064832047157e-05
-9.520606515191040633e-06
4.326406711426698863e-06
7.138426774360555722e-06
-3.904547708219796054e-06
-1.021323459221745624e-05
1.304023976351149654e-05
-2.875050169977159003e-06
1.197989102090633742e-05
-8.308412651437040397e-06
-3.338217832936190749e-06
-4.569489849101082330e-06
7.858653286171293764e-06
-6.814597757368386657e-07
-3.676483800745323742e-07
9.676889525507363903e-07
7.836623384228193830e-06
-8.852885907839103230e-06
3.257318910396173949e-07
-3.413085087112848708e-06
9.747215222541320107e-07
-1.612083994244669228e-06
6.442797102686497582e-06
-4.851229673861937963e-06
4.921821374874818874e-06
-1.012118619173233385e-05
1.417942853858810440e-06
1.529233731855102601e-06
1.404955560221826748e-05
-7.043223664369348760e-06
-8.513466598982661194e-07
-9.077490648697965179e-06
2.781927904262587834e-06
2.002093727771360370e-06
1.161636715680385983e-05
2.527454841894661532e-06
-1.151545252485446932e-05
-7.621559401008691842e-06
-8.037733026906185792e-06
1.066625045247086995e-05
8.408796510072756857e-06
-1.349879253629902409e-06
-1.761893307915933560e-06
-6.395606460760919710e-06
4.181660353654082006e-06
7.836580493657988885e-07
1.912905844137542011e-06
5.169388734127608063e-06
-6.708594596281508763e-06
-1.653951977057968069e-05
1.761847422623298939e-05
-1.383743259551913849e-06
1.254530720256048811e-05
-9.222314167965101745e-06
-1.817791743046646525e-06
-3.855872397353438404e-06
-3.292065040216979796e-06
1.941427736596743163e-06
7.889012783244818438e-06
9.522187273592702163e-07
-4.089071612631729340e-06
-7.025108081201205761e-06
3.493154599749627569e-06
4.795489158701524471e-06
-7.142046440453395014e-06
2.748632149956992518e-06
5.687032849731657718e-06
7.151294958138470577e-06
-4.945437374828097058e-06
-3.729146145268392133e-06
5.624615703811832170e-06
-1.104148573745231084e-06
-3.637939687357932413e-06
-4.277490771443867923e-06
-2.402950570040424816e-06
5.285028423750374300e-06
1.459842300236504417e-06
9.847480912587272035e-06
-1.023754239996594704e-05
-1.292248229950782230e-05
6.272269324838101162e-06
1.042700934883175914e-05
4.412058790799207225e-06
-7.447563781679724747e-06
6.133663887544341705e-06
7.416199289896771248e-06
-1.280769634801521789e-05
4.977961812362796483e-06
-1.220266155021307425e-05
3.587974497049998152e-06
3.930562162754705370e-06
1.472332082453948404e-05
-1.136198088230029151e-05
-9.142246029145969510e-06
-1.530335380805082201e-05
7.305172592858823281e-06
1.114172081921262794e-05
9.449402192754937610e-06
-4.759772410448320369e-06
-5.305269245504707102e-06
-1.851041164643819973e-06
3.601649868476915136e-06
-4.027925660037353647e-06
7.262375629509427344e-06
-4.252845579173314401e-06
-4.507654061192114869e-06
1.921994356846180666e-06
8.989722675167413172e-07
-3.942475996461066831e-06
4.293612915055074304e-06
-1.676677487775014757e-06
-1.264851449642736980e-06
-1.158765803236050511e-05
1.140635644288005954e-05
1.439151636132769051e-06
7.449768176065741600e-06
-1.754428604673572973e-06
1.311425597340093311e-06
-6.925612822667154014e-06
9.637559250771902020e-07
-1.540299033213891577e-06
9.945087316285470454e-06
4.562940044330159853e-07
-5.249307486774414402e-06
-1.349423926492741006e-05
8.711397417002134086e-06
8.465686181983090005e-07
9.409846530805405628e-06
-1.037803649960919535e-06
-4.290211985414530918e-06
-1.290817395541070340e-05
-8.186903433481481883e-06
1.950666905291694272e-05
9.400736221240917816e-06
1.066172682025618365e-05
-1.389020362137660516e-05
-6.709674133465141769e-06
-8.705760715566047180e-07
-1.478561134321191886e-07
6.108204010123585664e-06
-7.256347401938497033e-06
4.190364048203877194e-06
-2.270165775089449993e-06
2.479791225682419078e-06
-9.487285745550967037e-07
1.216829698286370201e-05
-2.035695419832512360e-05
7.763745104411591118e-06
-6.179802733931617832e-06
9.004273939181645298e-06
-3.471792585598321675e-06
-1.169238153329777855e-06
5.086632325054811480e-06
-2.050735169191899024e-07
-5.293331983113525575e-06
-4.486432693546294589e-06
5.084913712418495251e-06
5.841756015340819718e-06
8.326367271821673614e-07
-5.222843472759870222e-06
6.312271043939669335e-06
-3.821448600313830432e-06
-5.207886220175961065e-06
-8.778043075548254930e-06
4.865704997542346807e-06
6.827536162347219085e-06
7.181678785026766887e-06
-4.840714680201679368e-06
-6.074932643417938757e-06
-1.063152778691172464e-05
7.185959639854474258e-06
3.679184960269637626e-06
6.138670362535372303e-06
-1.387893829853289894e-05
5.918876089506408143e-06
-1.426394964548611254e-05
1.365102299012110369e-05
-2.255118327475034611e-06
7.366602081860223943e-06
-9.128265362061098866e-07
-5.399807594181924649e-06
1.539218587713298089e-07
-3.366988067330120641e-06
4.524688012579775617e-06
1.482530395483086299e-05
-6.634480550725026034e-06
-8.125562981883108123e-07
-3.853997318347192538e-06
-7.284261269536789214e-06
1.393471471871267573e-05
4.993637248025514693e-06
8.761818912073943125e-06
-1.901653863143106524e-05
-1.006640339565719467e-05
8.223474113955789994e-06
2.342612764786835538e-06
-3.308348554713841990e-07
-1.834019854213019593e-05
2.233285565291393557e-05
-2.019789798709944229e-06
2.488248485641097140e-05
-1.922412785099108308e-05
-7.162485403169949666e-06
-5.259844795483662581e-06
1.175197228067780140e-05
-1.875998194680978415e-06
8.923340194383977484e-08
1.523250738658635153e-06
4.624542646175895127e-06
-4.986918814252169665e-06
-5.734622869668443634e-09
4.943037433003131999e-09
-2.630631788981718352e-06
-4.361296111292317044e-06
2.990191925342523195e-06
2.660218308469996014e-06
4.794232856115617827e-06
-8.840781147100920193e-06
6.352155831246482679e-07
1.341599481401559175e-06
1.165815245981209459e-05
-1.053832948816426573e-05
2.107821942713584324e-06
-5.526224679155317865e-06
-4.769808186396635351e-07
3.226300270704638508e-06
8.077338956375070434e-06
8.886712140755046406e-06
-1.720544855750588228e-05
-5.981942241915867588e-06
-8.910796667039713316e-06
1.229702454533153098e-05
1.276265219721891983e-06
4.727437869057319445e-06
-2.429049720270227544e-06
-2.445721108845557477e-06
1.160824897014379195e-06
1.212831290370711443e-07
4.698120899872587577e-06
-3.287800420946920506e-06
-5.978494375907386635e-07
-1.505232604455966505e-05
2.558357308979183122e-05
-9.538967736069336765e-06
9.760656929824885924e-06
-1.630828787109137870e-05
7.567942558512666272e-06
3.942150745387493514e-06
-2.745979089928884606e-06
-2.743462083969481581e-06
5.591433614742752725e-07
4.106583363296911829e-06
-1.251880540861316845e-06
7.137627310310270954e-07
-3.596515546041964193e-06
-1.157611446493212838e-06
-9.691939776288997251e-06
2.903129159241418574e-06
1.322346563982733020e-05
1.447666981697052994e-05
-1.787051106519610343e-06
-1.585196211329493530e-05
-1.752207157242672262e-05
-3.029419714168596296e-07
2.444136712099992287e-05
3.180706887456373548e-05
-7.157295184949818238e-06
-2.767776092604922730e-05
-1.946163990401668915e-05
6.406729440264114260e-06
1.271711933464142227e-05
3.284013391048731714e-05
-6.198576434075562218e-06
-2.399656984304635124e-05
-2.917679792601202046e-05
-1.341918825951107688e-06
2.488344121301239967e-05
-7.005696382424208828e-06
1.180893280268204693e-05
-3.571246731623504771e-06
-1.131359125125353147e-05
5.659319601959709106e-06
-2.271765655802942799e-06
-1.137099476194412411e-05
1.841962916865441229e-05
-2.108686702702821424e-06
1.635553155788246641e-05
-2.012011221597079613e-05
6.166972032288545768e-06
4.086563261696978947e-06
-7.268582378136716608e-06
8.761987232841675870e-07
-2.618359018047436796e-06
2.623076648999024372e-05
-2.402826632813409444e-05
1.315329263470616807e-05
-3.936086770019333578e-05
2.124703571862643275e-05
5.589888216183336122e-06
9.918811273268325144e-06
-1.260223435006320020e-05
9.112583622147218025e-07
-1.776397184793406869e-06
2.688667111640714359e-06
2.476871746118242151e-07
1.278914695935949800e-06
-5.709936132598326656e-06
-4.290748277451673497e-06
-1.494620509240936635e-07
5.537858952648675747e-06
-6.826775994610155488e-06
5.559171724857976179e-06
-9.037216679203918628e-06
1.327760021251770492e-05
-1.256955198949002139e-05
1.056128270677816636e-05
-1.326745217644451673e-05
2.370259502310368628e-05
-1.580179036946617407e-05
5.747370410101512073e-06
-6.001330866312238775e-06
4.656169547105661597e-06
-4.070183831082897330e-06
-7.072668896180190902e-06
1.133230933811085597e-05
2.155595117776042826e-06
6.855078864186650704e-06
-8.755866983450143458e-06
3.200349751878043919e-06
-7.446013251540510619e-06
3.873090166992958441e-06
-2.099188361774638500e-06
3.950149374149375369e-06
-1.658048729610607519e-06
-3.067535449080937399e-06
3.002988798943804456e-06
-1.224012889317367269e-06
1.120522137483171491e-05
-2.474414763159357407e-05
1.367801223875491799e-05
-9.914908364140947119e-06
2.396002102589482897e-05
-1.747179182242075126e-05
-6.380445496996511190e-06
-2.183013158850398823e-06
1.204293823731194025e-05
3.793796541701166300e-06
-7.007293249779747392e-06
-3.067608575736653910e-06
-3.658651764789480607e-06
6.316250341813924284e-06
8.562463143303953111e-06
9.546833982225014768e-06
-2.284864715830565718e-06
-1.687208165532827847e-05
-9.360796900941846846e-06
-1.596714415397973967e-06
1.257781387200296082e-05
1.272011579776205522e-05
-2.863306108443707090e-06
-1.292775464815244978e-05
-2.356326978172131352e-05
1.068975582396651464e-05
1.651018791219934000e-05
1.272164856091396068e-05
-2.321217168574711352e-06
-8.175834480311183243e-06
-1.516181627157398900e-05
-7.147341910196682680e-06
1.853925611937343084e-05
2.588422778676310984e-05
1.065508172179072043e-05
-2.951941394642331170e-05
-4.716541034443974919e-06
-6.697076981258285802e-06
6.665457069309002681e-06
5.911047510990063355e-06
-3.958984623294603498e-06
4.304149343929178160e-06
7.330985164536982210e-06
-1.016643276595752070e-05
-6.434827952387847452e-06
-1.069830454508503575e-05
7.124746623965025466e-06
9.336442063825529212e-06
-6.331424381157286702e-06
1.257062009528944399e-05
-8.270268934547381917e-06
-4.939750779165148534e-06
-9.333010276540862566e-06
9.664884489914064120e-06
-1.982220909746486523e-06
1.973351868750666775e-05
-1.224852053621974288e-05
-3.432720387636930366e-06
-1.678304128452001080e-05
1.622978292123937173e-05
-1.606251766648785654e-07
9.996505604832304234e-06
-8.405252133407659722e-06
-7.908505340220352297e-06
-2.325041024068911982e-06
4.479266757630272183e-06
1.826092586138664052e-05
-5.622133582331103467e-06
2.395133020166910467e-06
-7.812381296254285924e-06
-3.396910485183143195e-07
1.142607475116388241e-06
-8.666837528451642569e-06
1.748528021911249406e-05
-9.256584933624549476e-06
1.364555974525079146e-05
-3.031139460299117733e-05
1.764377420408402099e-05
-7.928052599773975569e-06
1.527541951055096374e-05
-1.012764985247880848e-05
5.634710961937742421e-06
-1.256782764108693944e-06
-4.064581456350237620e-06
-4.683206555140944234e-06
1.878189400732232196e-06
2.030284223285456786e-06
-2.333138354321785862e-06
4.224166581876948395e-06
-1.772018385755170980e-06
1.627942297844613952e-06
-9.491234148445410224e-06
9.102158960023355304e-06
6.789086095339704254e-06
-3.630095237460457871e-06
-2.615424178086152375e-06
-9.511173577252176808e-06
2.094299458592737000e-05
-1.079327952276513979e-05
8.393109302897393525e-06
-2.186214444710464272e-05
1.690602515041039717e-05
3.204853835775425572e-06
9.148837063209128045e-06
-1.654253331991609055e-05
-3.044988581173720150e-06
1.812389904157745924e-06
8.065262814916114085e-06
5.249377183231488186e-06
-6.673961077380883734e-06
-6.135030317624226321e-06
-1.144658137452940513e-05
8.369227479920099386e-06
5.797117082880757427e-06
3.011486934839513966e-06
-3.091304160334705284e-06
-1.376283443369237790e-06
2.706936410612801674e-06
8.721731374399902421e-06
-1.387022312792050408e-05
-5.161441789628549386e-07
-1.176656389974209037e-05
1.496813862270441676e-05
-3.603371614375855025e-06
5.572552834573807671e-06
-4.505679898992448643e-06
1.021142672001030386e-05
-4.342267661565206686e-06
-4.931553033437390577e-06
-1.444346331371676699e-05
-3.169821219361338875e-06
1.400196765778940743e-05
1.405125621963871636e-05
-3.754389313760714877e-06
-5.973651449007519575e-06
-7.588356528576350772e-06
2.351569245162480183e-06
4.876216832059464327e-06
4.138269310873370268e-06
9.881669137252527563e-07
-1.009841998343187406e-06
-6.879937856244944221e-06
2.471191654060034048e-06
2.944491468740918674e-06
7.900534031525563075e-06
-8.631572668349839889e-06
1.367636659366623322e-06
1.392284159400873950e-05
-1.431860788465383894e-05
5.679047847306007374e-06
-1.800364174533603068e-05
1.145089652375024092e-05
1.364313247976126160e-06
5.969157001594266183e-06
1.049388119875839116e-05
-1.382235336042429596e-05
-1.429582449024294609e-06
-5.372724508555962567e-06
3.760982038244504034e-06
6.150759319518247757e-06
-2.270864493796095337e-06
-1.371266315054682538e-08
-1.713801885225093463e-05
1.720669766215943546e-05
-5.370545588553764162e-06
1.136291658404428214e-05
-1.675728449296271194e-05
1.158278651083595023e-05
1.299774391471115270e-06
-2.913945068747413157e-06
-3.026445099151876986e-06
-3.792528210366677339e-06
1.669691136209463104e-05
-1.014297005935350670e-05
3.045968273309453044e-06
-6.130387097566485354e-06
2.780767952700171325e-06
-1.237738616867034704e-06
-8.724350192995349701e-07
3.427327295621838869e-06
-2.007678930828177013e-06
6.411383344422363525e-06
-5.436307490508997986e-06
1.055947221991603606e-05
-8.239787114084773519e-06
-1.518939539596947677e-06
-1.168900509416202668e-05
1.666185237230187927e-05
-6.690661012839842250e-06
6.499411015996421414e-06
-8.490865038521831491e-06
2.767969086816758609e-06
-5.727368350145982916e-06
-4.499207529978445605e-06
8.049146939607366519e-06
6.510713784176423629e-06
5.903267910036631358e-06
-1.296182956878752786e-05
-9.139125113994446564e-06
-6.752300791666851818e-06
1.710880977993945313e-05
1.160410827049332060e-05
-1.185713330272237452e-07
-1.243459720084630400e-05
-1.645279399821879780e-05
1.142533736751409588e-05
7.909671183845587932e-06
1.624018379368057227e-05
-1.313179669631635757e-05
-7.206656344191182112e-06
-4.410549882298086836e-06
6.162144058256117555e-06
3.913140243942228691e-06
-8.131392586796520753e-06
-2.189706576445269238e-06
3.871853656950416454e-06
7.697768283171889720e-06
7.852642366128829209e-06
-1.294901838051304129e-05
5.080141742051293648e-07
-9.210268416013928111e-06
1.025870254384223974e-05
-4.471603375541326639e-06
8.751202023543527058e-06
-3.317005990513544734e-06
1.023178815660060972e-05
-1.275798495483820340e-05
4.811657222330218404e-06
-1.867008828381292731e-05
1.777952100704275257e-05
-3.542218788896029689e-06
2.399134398560535153e-06
2.008790521578474336e-07
-3.653375243001233826e-06
2.495008051418663315e-06
-2.998242878898703066e-06
-3.207834217391148747e-06
5.996299641742717823e-06
-4.305403907908830973e-06
-1.392649163868596448e-06
-1.967552609901255286e-06
-1.207903433802241391e-06
6.260589551546589234e-06
-7.429164642332305654e-06
9.090043246376129814e-06
-2.752560710717702564e-06
1.105930015818152348e-05
-5.588824425569730187e-06
-4.666814859795182409e-06
2.031954214881147537e-06
-1.410215014622979459e-05
1.333008188009119918e-05
-3.573511707969943330e-06
5.758211692188883947e-06
-3.158166697484381189e-06
4.265166905042389723e-07
-2.162414250409434190e-06
2.374480711162178754e-06
7.941834507686407391e-06
-1.899326323038997030e-06
-5.987508390833778577e-06
7.172920490286853605e-07
3.450473026113324139e-07
1.361134858056256970e-07
-8.975541376080722276e-06
8.194148782527579724e-06
-2.841403013512899033e-06
3.808220234133650515e-06
-1.518748738829804745e-05
1.223671372632579186e-05
-4.369269031142009130e-06
5.783818923301681514e-06
-3.929966000874734287e-06
3.440996551887332708e-06
-8.667281605688641265e-07
-1.730083421763220374e-06
2.394989643272168371e-06
-9.963549065710523405e-06
8.126004743804332903e-06
-1.204255176655642299e-05
9.695775308714154009e-06
1.595419631096436991e-06
1.853498587191694926e-05
-1.824012780248939099e-05
4.447401276316448912e-07
-1.838849533465369981e-05
1.821117838716236083e-05
-2.788049807201868461e-07
1.613097352597344479e-05
-6.372563761896921414e-06
-8.650009014873420631e-06
-1.339360218550416985e-05
6.248623346498399659e-06
8.350403151806214236e-06
1.513091698979172757e-05
-6.594539011848809474e-06
-9.383973273353418774e-06
-1.288586360505269027e-05
6.474531141268576999e-06
7.668706885933744810e-06
1.262005893803910032e-05
-7.283414982401196244e-06
-1.112397735108664494e-05
-1.334833171932830757e-05
9.485709820689088538e-06
8.156124081107140496e-06
4.615877816352783428e-06
-6.360361200812074188e-06
2.253872706831810515e-06
6.084961415591494627e-06
3.267514215657667778e-06
-5.003036853632903823e-06
-7.893561971618498713e-06
-7.022144319663934503e-06
6.424699593145714426e-06
-1.891630420283018742e-06
9.996514431809054813e-06
-2.949066261068621281e-06
6.353544167047485563e-06
-9.487122078486485771e-06
-8.930588020877596275e-07
-6.996637556121622421e-06
1.120561388889193872e-05
-3.477642332550793543e-07
1.506003365457851516e-05
-1.757122678696259363e-05
1.699987988661314063e-06
-3.276688464683789775e-06
5.124099806617449037e-06
9.877766011629761535e-07
-2.648741733454838296e-06
1.711402217116021631e-07
6.783589648235122242e-06
-8.219196675365741966e-06
7.940221977019832651e-06
-1.631147495324315744e-07
3.140096301432410150e-06
8.833300902242157272e-07
-6.937325360144033016e-06
9.794548098114013788e-06
-1.464032336965183145e-05
5.584099843947622339e-06
-1.325494562613546264e-05
1.321204520890474339e-05
3.760749681389179833e-07
-2.926504219208004198e-07
7.260863780877889215e-06
-9.966834862629800820e-06
3.344963312370027673e-06
-1.586911189136724497e-06
3.242007895271959401e-06
-1.908339644146199825e-06
1.411950904794530441e-07
-6.883759175881966160e-06
1.495814386345585234e-06
-6.229145291355912519e-06
1.665107155878963214e-05
-1.046717174893195216e-05
1.174054130463915622e-05
-5.391311371981054957e-06
1.117125699234889026e-05
-1.169702675350615041e-05
1.939449627103093375e-06
-3.385845636388129766e-06
1.543115344028739430e-05
-1.229307754827250698e-05
7.066771439732923304e-06
-1.090725277109802759e-05
7.715598046159150909e-06
-7.780343607927792636e-06
1.847180753381500496e-06
4.033107726877597970e-06
5.400287696747966553e-06
7.166751724296410222e-06
-1.353548912969028622e-05
3.917749571289521921e-06
-1.262793304063359191e-05
9.847465397679345728e-06
-9.788394799826619918e-06
1.526512555882767521e-05
-6.801633800568138058e-06
1.259935479461658762e-05
-1.594271450759048112e-05
3.470639689036864294e-06
-1.382477455338669138e-05
1.137399892760091979e-05
1.539494421512930356e-06
8.668747321727283381e-06
-1.112648117566158282e-05
1.369909873211623484e-06
-8.043990851652450352e-06
6.423102791908908733e-06
1.670699237655292253e-06
4.793916368710069456e-06
-1.516062494403102429e-06
-3.746067881517246038e-06
-7.826191714760578769e-06
3.787608502277509684e-06
3.977390146914464250e-06
1.141016279445756547e-05
-7.686656779449833416e-06
-1.309357398515546978e-06
-3.707445477521616838e-06
5.933378664267694089e-06
-3.917211858205258085e-06
5.115340855991512670e-07
-1.032301458080359291e-05
1.262101268921655131e-05
-2.574839946355544789e-06
1.695664484342122581e-05
-1.682162830941992432e-05
1.078155512137700798e-05
-1.794904054636980688e-05
8.961691278067416216e-06
-1.681778806432847350e-05
2.549788177473895622e-05
-8.904061720382089003e-06
1.880655278786423916e-05
-2.831827683138331281e-05
7.484883376457002177e-06
-2.136272348375424577e-05
2.794227488919477181e-05
-7.906473075860171568e-06
3.829989716695994408e-06
-7.174180077835051988e-06
1.338797884852371953e-06
7.695660505759033057e-06
-5.597955874237188961e-06
-5.152674528131088251e-06
-2.005405791719514507e-06
3.042510062262589066e-06
-4.305631071040290462e-06
1.514205961584923436e-06
-2.985756665589369437e-06
5.378597557164348088e-06
-1.397699189981643782e-05
2.056301077337599571e-05
-9.217749581721098662e-06
1.652871574101136894e-05
-1.754418406671463587e-05
2.337646518192997986e-06
-1.134886169882214507e-05
1.351084183015055566e-06
8.686515026252430906e-06
6.300481176620046301e-06
-5.051017289934200196e-06
-8.775746405105526950e-07
-3.282719588167505256e-06
3.143504344025248080e-06
-4.992201755087163868e-07
-4.032582440025994573e-06
9.743595518732032368e-06
-8.497399620759574308e-06
1.399495912615025518e-05
-1.576610971833935148e-05
-8.183233674234394162e-07
-9.447911410845880441e-06
7.376020731058485197e-06
3.722026469843008998e-06
-4.069109195721740824e-06
3.216234138861795643e-06
2.344241584652959496e-07
3.241039196184038936e-06
-7.765716487446068110e-06
1.603617686734610267e-06
1.342537902821536319e-06
8.219756154486280382e-06
-7.692598700754747640e-06
-5.870829364222914486e-06
-1.102444789880586351e-05
1.687024481059456587e-05
1.222397503644328946e-06
8.661490112108016732e-06
-1.073233061086873436e-05
1.443776337687446092e-06
-3.106492664461320714e-07
5.342163683276856894e-07
-2.924919579967223240e-06
1.213795436189382264e-06
2.167079464965317725e-06
1.003954147492676889e-05
-1.102067601021543627e-05
1.050957372422550570e-06
-6.688519002124110338e-06
1.437790405285252754e-05
-5.564185631546351594e-06
4.598504491712027313e-06
-1.169767454196044866e-05
5.257817897436841885e-06
-6.691938913502153591e-06
1.246699478071237963e-05
-3.597439907963716485e-06
1.055949312568699774e-05
-1.428234704067723502e-05
-7.255624483879254523e-07
-9.887360771232927794e-06
1.016999272683955377e-05
5.492452199725369648e-06
3.589703939388098332e-06
-1.080635095022173855e-05
1.361960812450051033e-06
2.272785511178248058e-06
1.042328570990361003e-05
-7.759399581190050318e-06
-4.729573177965859813e-06
-8.962761520330760585e-06
9.104492566516376019e-06
-2.279087501238589907e-06
1.025351197621531365e-05
-5.257594027834743241e-06
7.768862366279420418e-06
-1.877535595816476777e-05
8.195899510690017476e-06
-1.336981331641373568e-05
2.841133212641404755e-05
-1.237701745820361132e-05
1.838706385892539585e-05
-3.082845230080963632e-05
1.301487884056041225e-05
-2.588794688350951897e-06
8.059911628977132916e-06
-2.972624960504359037e-06
-5.610816971111691004e-06
5.224523306232819038e-06
1.162891105891306238e-07
9.042763986456132817e-07
-4.366060401801299349e-06
9.555382693104957367e-06
-1.101519042917079394e-06
7.017334813196557913e-06
-8.970374721329499001e-06
1.450543744697818812e-05
-1.693133018205529897e-05
4.440111398812354685e-06
-1.105556107644956307e-05
6.900778326638237214e-06
4.770691089317464652e-06
1.491057381491064438e-05
-6.478208372878476037e-06
-6.841926701490058389e-06
-1.495460904374673813e-05
2.327861810284300023e-05
-1.096326910728781119e-05
1.345713332614992171e-05
-2.031088606631651066e-05
1.159933797489902040e-05
-4.712413560929445904e-06
9.369416905776341531e-06
-7.757818786752341265e-06
-6.124382713366326126e-06
-3.733272594075543279e-06
1.231422910806630056e-05
5.288660986273885993e-06
7.947750698847885954e-06
-1.294276951274700125e-05
4.749885033795414190e-06
-1.759226558167343744e-05
1.178866723593449772e-05
-7.080175859591244437e-06
1.699961330829866576e-05
-7.978420344274524887e-06
-2.519844954031529334e-06
-5.824383255084183655e-06
6.626606963849784281e-06
9.724418450584443657e-06
5.338022417460173383e-06
-1.506999738031943132e-05
-1.207689813306561228e-05
5.236309768018277297e-06
6.826748231774479860e-06
1.015395414837985935e-05
-2.055264013665977372e-05
9.221500952376654158e-06
-6.600158729810693153e-06
1.473450030939889860e-05
-9.075803376578830934e-06
-1.422492668699025181e-06
-5.764136762742387695e-06
7.048271651700453581e-06
-2.405284915109352897e-06
2.007457616415977283e-06
-1.102202771578421650e-06
-8.010501383004036368e-08
5.891726751485354971e-06
-5.642256453655543856e-06
7.291986479416920201e-06
-1.823892163347486022e-05
1.142154869022642890e-05
-9.570220509300457029e-06
1.561127436047150268e-05
-8.566994248561311565e-06
7.499134603224972976e-06
-3.840205106575009781e-06
-3.242441167164547599e-06
-2.603158732039141952e-06
1.160106419188723143e-05
-1.509783529586889860e-06
3.071423872745475524e-06
-1.741298137286604689e-05
1.245192830491217097e-05
-4.341166565728221953e-07
1.207698018570247001e-05
-1.181013652748012777e-05
2.267510384305140519e-06
-8.001457900886794079e-06
4.275798512373752760e-06
-3.584099607296423491e-06
1.157887604244370077e-05
-6.901598419245545113e-06
1.948412372642312454e-05
-2.934816036999687497e-05
8.170995637450995434e-06
-2.320260373260217942e-05
2.786428743550956700e-05
-5.166255732060389978e-06
-5.341894792288715631e-06
1.250531002400445061e-05
-8.886955517254697826e-06
1.129374686034787740e-05
-2.388387447012358303e-05
1.370679949589581460e-05
2.328649304573209377e-06
1.779597372407052262e-05
-2.495897047127038939e-05
-5.524769027753703902e-06
-1.841769139620728462e-05
2.599204087378795394e-05
-9.317336507214274037e-06
1.860445773114230959e-05
-9.817441855982020474e-06
1.435342704828425700e-06
-3.144136784406013937e-06
-7.593055295818427293e-07
-9.095490983730163999e-06
6.594395265155870154e-06
2.057137147508536913e-06
1.215519585623020524e-05
-2.462257068715462631e-05
1.424473148130375567e-05
-8.392018395135297627e-06
1.260274313138713421e-05
-6.475093661932086742e-06
-3.642507567309942365e-07
-1.910709192673432349e-06
3.771553391639674662e-06
8.212062886184478644e-06
-3.046470143510502712e-06
-5.946409665398604550e-06
-1.122300717280615781e-05
4.910193909123690364e-06
5.252825089947033425e-06
4.184752132205960871e-06
-9.320319546991570976e-07
-4.553545618551633377e-07
5.327519270023598386e-08
-4.147993698869685721e-06
2.061870222231747669e-06
9.247516832365807319e-06
6.519598024157893551e-08
-7.991523858620235211e-06
-1.384184912431304652e-05
-1.472511232152061013e-06
1.587363793239295458e-05
1.811845218032233839e-05
-3.467394527533725822e-06
-1.417951564365932667e-05
-1.859949752257262866e-05
1.813926979420151637e-05
1.380590545180843091e-06
9.646748655604539589e-06
-5.863539646479915197e-06
-2.276249934042888233e-06
-1.721239360268883178e-06
-2.930615982076785340e-07
7.824016864308330313e-07
6.726110644949734774e-06
-3.437463037427232595e-06
-2.135595356625230621e-06
-8.071009273748054147e-06
3.330325591848450759e-06
4.315566482897157803e-06
2.103973773165292697e-07
1.120178205601032382e-05
-1.307294418614235808e-05
4.221805878310883438e-06
-1.302623090640497068e-05
1.349958677212279709e-05
-2.188445734424650832e-06
-1.560714316347298745e-06
-5.997861289817532767e-06
8.301125342816747122e-07
-6.771436792583893408e-06
1.322238299074866971e-05
-9.953801944361514249e-07
1.169335113998392917e-05
-1.994402954449122023e-05
-6.713579741855111598e-06
-3.188693380290814978e-06
1.585037574487410412e-05
5.040263877896199807e-06
-8.616511846376333762e-07
-4.452864517136097970e-06
-3.324454468221731734e-06
-1.924367942486329596e-06
4.797531944271016725e-06
-1.489493048250349135e-05
1.730673852145213275e-05
-2.098940522549112575e-06
2.310778466689968042e-05
-1.636549405154602197e-05
-4.390853341171071654e-06
2.624654670137357973e-06
-1.589471131282764013e-05
1.253303252678036017e-05
-1.005096662545460295e-05
2.011286450088156958e-05
-9.347955254296718824e-06
3.897187863161740361e-06
-1.757867710168520961e-05
1.513183114775800737e-05
1.648399341305120970e-06
1.608204666879370695e-05
-1.894427735454895512e-05
1.089270354091604966e-05
-1.801937258449295653e-05
8.120505569615025317e-06
-6.505270069355103266e-06
9.459998484868044512e-06
-2.018106155180278031e-06
5.003350552206052215e-06
-1.726771537657824964e-06
-2.511730162610786946e-06
-5.289876227704120922e-06
7.117423151573386723e-06
-2.898109680035477769e-06
4.155953927438823152e-06
6.380278946393466493e-07
-2.933024745527264453e-06
-1.210134143346114118e-06
-2.559013479516860203e-06
2.740910392182726067e-06
-6.198317452614126634e-06
2.274829489535029573e-06
5.006519173511323547e-06
1.623800272816604720e-05
-1.375608523431165890e-05
-2.751429488078842525e-06
-1.105045292094859200e-05
1.550178104707106345e-05
-4.813686954868964399e-06
4.719446374520296718e-06
-9.753315221335925978e-06
5.390002563033307178e-06
-8.367413879439915644e-06
3.103883111331223215e-06
4.763614929411390202e-06
1.670219954093769127e-05
-3.882052175710528835e-06
-1.341741307717522524e-05
-1.705842368022669688e-05
1.488649151972958500e-06
1.505118674677824030e-05
1.757598781226845204e-05
-6.528544888529265608e-06
-1.116145846197369039e-05
-6.235546515114398700e-06
-8.338804643100268061e-06
1.271552560871149179e-05
2.193885841801928086e-06
1.237279738262140917e-05
-1.187101904214364045e-05
-7.358520292966248876e-06
-2.626261112873520644e-06
8.931103012257772715e-06
8.317081395143158644e-06
-2.110538659901651436e-06
-3.559948659343123740e-06
-8.178146706896348385e-07
-1.122603323765610064e-05
1.229141067552332537e-05
-6.552206441408900596e-06
1.950902029398534975e-05
-1.425217784493140356e-05
7.261758094502941381e-06
-2.989984164851794868e-06
2.424351190324816174e-06
-9.270553139442911164e-06
4.399815079161970444e-06
-5.496275835485437029e-06
5.085777466645427958e-06
-1.678683032650370513e-07
2.942069167519910334e-06
6.413919629754689906e-06
-1.115205794367944910e-05
5.662555024981101440e-07
-6.368219992554447400e-06
8.447339749029310389e-06
-3.181184803563234731e-06
4.561259816686658042e-06
-1.485784415746032032e-07
-3.043035637055550028e-06
1.062786330365279294e-05
-1.459684501882840773e-05
2.782275107517120432e-06
-2.071334049034032225e-05
1.819623649664454696e-05
-2.826965755362131753e-08
4.990159811952743613e-06
-1.111966467463665960e-06
-3.528334987507986121e-06
-1.329978401273626660e-06
2.755333411122464740e-06
-2.444208928547010089e-06
-9.297209142423488548e-07
-1.552560760395178276e-06
1.287804862682572857e-06
5.378129248320176359e-07
-4.723206333648767038e-06
3.656027839352595356e-06
-9.218927922063221915e-06
1.261841369656807439e-05
-3.404848974786315067e-06
7.520116328228729544e-06
-6.231497849768710882e-06
-3.065614881701293316e-06
-1.626957031270071725e-06
-1.471009707529852709e-06
3.716959185266542436e-06
-7.686046243311216749e-07
-1.268426432361077186e-06
1.650388617583235557e-06
2.409344804369416754e-06
-1.526509667835936960e-06
-1.837311555260324415e-06
-4.046739129047118433e-06
1.763684973534106963e-06
3.954560626184137667e-06
9.632320961704380100e-06
1.659316407347617505e-06
-1.343983162830718795e-05
-1.484747225262388495e-05
5.476685290611735892e-06
1.043997502782730569e-05
1.022110627318460284e-05
-1.021912097800624495e-05
2.881535638782201217e-07
1.381390209624641457e-07
1.436453497439248319e-06
-2.026640995047671812e-06
-4.998933074246484070e-06
1.548000289753099801e-05
-9.266444330792080410e-06
-7.365463238191237896e-06
-9.219523148430941667e-06
1.589967560332542510e-05
5.185791575033545899e-06
1.015507568184127372e-05
-1.411416906728957433e-05
-8.499940958428102580e-07
-1.046368096511719014e-05
9.960875141481305434e-06
-6.099390049882294298e-06
1.578256817392814561e-05
-7.649046915396410558e-06
2.058254751785041279e-06
-9.598340621343278673e-06
4.436486638406735716e-06
4.515979642946519609e-06
-5.088985543498023684e-06
1.717917194280105755e-06
-3.615268907830856211e-06
9.830167068294522564e-06
-9.194872825368237242e-06
-6.940282649595326433e-06
8.388503321953456605e-06
-1.502739488157733751e-06
1.239256215859083586e-05
-1.790942451610749568e-05
7.390845248433523590e-06
-1.047481412181662779e-05
2.786264178303917306e-06
3.278525437451853836e-06
1.293351782623471113e-05
-6.523206743342638454e-06
1.968485639859793475e-06
-3.142334775997686238e-06
4.558021256081197688e-06
-7.475591766600787804e-06
-7.375315765696145720e-06
5.609602211315109933e-06
6.297485284729770379e-06
7.266599224877438634e-06
-2.966403978458539504e-06
-3.647444167392225201e-06
-3.830997866123910677e-06
-6.373178781602787849e-06
9.461052135623007603e-06
-7.847382024982875478e-06
1.714625086101639602e-05
-8.392003495259898452e-06
1.472372339928300728e-05
-2.035768246406851887e-05
9.042927062016127058e-06
-5.489635806302514006e-06
5.237085055978747320e-06
-4.580974400471008920e-07
-2.210950220138119666e-07
3.462662930381063076e-07
1.151563313648334605e-07
3.057705458321719700e-06
8.000999744770399390e-07
-1.153983106885920023e-06
2.245610378972028644e-06
-4.031053183030061557e-07
-2.554297274646654076e-06
4.159357891146433543e-06
-1.019813556881787986e-06
-2.641634037206765776e-06
-2.975712853652579681e-06
-8.673041523862993349e-06
1.236506009050642433e-05
-3.188407292259682962e-06
1.383325417533253293e-05
-1.112719672403878938e-05
3.933795129302712575e-06
-8.341968420204572994e-06
5.845657736107563650e-06
-3.640089029108116984e-06
6.696672361381832909e-06
-4.586528276669938391e-06
5.272585200687956585e-06
-5.332342440144599078e-06
-4.795596377512695670e-07
-9.661530477909535582e-06
-1.445267910605585583e-06
1.368105745920245202e-05
1.318644613232500709e-05
-4.595591574144101293e-06
-1.093956847005251310e-05
-9.952490380251441141e-06
8.428971064786360996e-06
2.425956279233045499e-06
-3.117791319702397401e-06
1.467035616453393144e-06
2.703705543863714348e-07
1.033006469942557344e-05
-1.868115483224216039e-05
8.333468269563608851e-06
1.190088069659030247e-07
1.789191461871997551e-05
-1.701479932821263515e-05
-7.603491453205359264e-07
-1.642564360393903661e-05
1.608902310274832627e-05
-3.410465117886304982e-07
1.458159999706868268e-05
-1.266466819698457616e-05
4.097774716780003147e-06
-1.496706458056918674e-05
8.695990873544785836e-06
-2.331757425994284853e-06
6.856315018155373749e-06
-1.399515180764831272e-06
4.376088337202898969e-06
1.281255506349161463e-06
-6.566555526756348517e-06
-8.884537609915249350e-06
-3.397342070876928973e-06
1.463818458955772777e-05
1.583269584548381348e-05
-9.129228289742998882e-06
-7.656408506105389766e-06
-1.656524318451638958e-05
1.332451613030618794e-05
1.674305754973651368e-06
1.118380363274935397e-05
4.766136283627627271e-07
-8.901998107212726052e-06
-1.760044921010026379e-05
9.157982887470069930e-06
2.702153651478952923e-06
1.112682749921395527e-05
-1.303329342426141901e-05
6.232957649653049145e-06
1.510581985625765672e-06
1.810600731425959613e-06
-6.626309393240167791e-06
-6.001532168186944258e-06
1.686671823632868552e-07
4.556517508626245234e-06
5.964766911362690170e-06
3.117836910657411373e-06
-7.342707671319383513e-06
1.416310364037514035e-06
-9.136085599202864850e-06
6.625748704839660801e-06
-1.101135476840351588e-05
1.806423141415515400e-05
-9.463028559128339694e-06
1.086897544109124725e-05
-1.096366520440306247e-05
4.743216805539330060e-07
-1.913557929018738005e-06
9.560356055436665306e-07
2.570090812660582666e-06
-5.624065796888424997e-06
1.771878203230471896e-06
1.248684100165130693e-06
-2.394120613019894899e-07
1.775190991902192154e-06
-7.247794672733955351e-08
-2.256641387968203569e-07
-2.135141846549831605e-06
1.821796371808848000e-06
2.094669833416418952e-07
1.874311841475838189e-06
-2.978177008619760617e-06
-1.081527313389159802e-07
-4.466191752753248878e-06
4.851013553422463768e-06
4.944308405607541295e-06
1.204391791994606666e-07
-5.644681610522445186e-06
-9.898263885824725407e-06
7.445894180992636853e-06
3.382515085669856308e-06
1.289815746306754409e-05
-1.292104637040064310e-05
6.288183906073635173e-07
-9.957130940005826667e-06
1.645298529402114711e-05
-8.507833421448351578e-06
5.243370773059399269e-06
-8.612608425812217237e-06
5.931078494722428443e-06
-8.457440607802332622e-06
1.271779889012180463e-05
-6.339173668602977341e-06
9.301335219945449872e-06
-1.047109981590767740e-05
3.264445974232430227e-06
-5.416950997645291709e-06
7.511223051487251519e-06
-3.424414184330004864e-06
-1.277671014100133433e-06
-9.425524961936595697e-06
1.172958757675140307e-05
2.485388215880027507e-06
7.712169493611752412e-06
-1.143797037614542170e-05
-3.992435253533396943e-06
-4.621956499991611971e-06
9.414056640994132547e-06
4.611598347795996738e-06
2.799898725218394322e-06
-7.791135788478463975e-06
-6.099029146927612065e-06
4.974033728624472177e-06
9.334877398062975780e-07
3.618901936208714445e-06
-1.112220908185005200e-05
7.058765434147408135e-06
-5.586883527578847804e-07
1.185792852983534479e-05
-1.174938259165567186e-05
-3.195629422544015119e-06
-5.436891117377106960e-06
8.961950742872380575e-06
5.166240801648326500e-06
2.941508119213884329e-06
-6.284522455540523449e-06
-2.764444992963026380e-06
-9.215572357288082583e-06
1.018393088733767979e-05
2.509688873528410132e-06
4.000218187429971980e-06
-4.144167431125963304e-06
7.269198135007100161e-06
-6.654116431678840527e-06
-1.822290516849411641e-06
-1.757813548589647529e-05
1.752882268542621069e-05
2.820108964528701256e-07
1.737924471909053648e-05
-1.492344081614576501e-05
-9.851830904778356083e-07
-1.865771398928447848e-05
1.544116489368923504e-05
1.051798307508735328e-06
9.946145205611863486e-06
-9.300450532946720104e-06
6.964591056618345006e-07
2.894376836686574009e-06
-1.963352464856815390e-06
6.043581396582474804e-07
-4.642202594412539864e-06
2.102847141532540855e-06
4.144369906411784613e-07
6.121184427666438206e-07
3.056488971285667997e-07
4.717405802708729844e-07
5.439606512614574379e-06
-2.992112126924157685e-06
-3.234553550013833506e-06
-2.648762675726566411e-06
3.205591369217810065e-08
2.740155258447276328e-06
5.646127184018274276e-05
