-9.860708063562872465e-06
5.367361992895477470e-05
-3.948700005371096554e-05
1.171273477661473972e-05
-6.206176319302857797e-05
3.858678115553289040e-05
-7.701027755282352115e-07
5.544775088316211898e-06
6.419187600524212815e-06
5.190440342297550298e-07
8.903364174461016336e-06
-1.328825321066909228e-05
2.502409009803934989e-07
-1.409254042105708340e-05
1.922646661169122607e-05
2.482885373951627717e-06
5.225504647512227725e-06
-1.375195695298332766e-05
-1.434420374958684366e-05
1.050989957516637908e-05
6.606946268353976683e-06
2.019007152069782646e-05
-2.721956769696372608e-05
6.222270704143536665e-06
-7.686636336209096764e-06
1.847207892685852012e-06
1.011226550784405400e-05
1.165473461632928891e-05
-9.909675041627789220e-06
-4.279131758101798578e-06
-1.355744150731860541e-05
-3.701818639381663123e-06
1.123277233983248683e-05
8.311415675154513165e-06
-1.094846221311852565e-05
6.592279541897182144e-06
5.882857249162476448e-07
-1.004932741260832846e-05
8.177346751755135284e-06
7.434784254523451333e-06
1.019793032614928565e-05
-1.318514897806514084e-05
-1.269245171833987240e-05
2.162648238428698070e-05
-1.427392137767635472e-05
7.158113973632797871e-06
3.226116069022641263e-06
-9.544764673700384164e-06
-1.277003926896531544e-05
-8.772602818906130790e-07
1.329755169032874222e-05
2.759093368237709184e-05
-2.736838609450813691e-05
3.778975819257992050e-06
-2.250446949029275950e-05
4.667571425886727114e-05
-2.776525654673071041e-05
1.175020147186025651e-05
-4.579489895400684434e-05
3.462448105493033223e-05
-3.184520643349210368e-05
4.661354565184966115e-05
-1.321174836374545873e-05
3.794188437131964674e-05
-2.908457275032836058e-05
-1.097481059083756230e-05
-2.341949147644637025e-05
4.170182542551813053e-05
-1.723463943342061234e-05
8.973889200943667931e-06
-1.061015245937751336e-05
-9.416121010897712752e-08
-4.916132933963905880e-06
1.008049924841161239e-05
-2.706979227765728596e-06
-5.370232429725224166e-06
-9.414781059251809401e-06
8.940794879032540221e-06
-4.872137936384036990e-06
1.690563539019497536e-05
-3.374541047903974287e-06
8.445458265460636403e-06
-1.693780267264531058e-05
1.645148862526791110e-07
-6.688051127506489097e-06
4.575134173049602901e-06
9.587765802664433988e-06
4.734236229853284420e-06
3.107888834709763076e-06
-1.340748706498762479e-05
4.537185234786921516e-07
-1.239229773066221284e-06
4.217269611294216294e-06
-1.570049603204160189e-06
3.647538482374274911e-06
-3.218490904663507814e-06
4.355974256351527238e-06
-3.683343780208109844e-05
3.626893853476731059e-05
-7.099954133663341309e-06
5.109515920420903143e-05
-4.107228954787074909e-05
8.883156243477794041e-07
-1.147523168424091396e-05
-3.888125413628588080e-07
-1.006300849244609068e-05
6.534605928953927221e-06
5.349531724698546880e-06
1.018175773995210292e-05
-5.728678745447264071e-06
-1.575136342287347240e-05
-1.119140566858317957e-05
1.245070518236965918e-05
9.427948312281355438e-06
1.672768736314780890e-05
-4.929742247283103016e-06
-1.427039631709342675e-05
-2.358189597660977576e-05
2.432457367525808111e-05
8.203151985713744133e-07
2.037814718294779940e-05
-7.237937402796320792e-06
-1.820692692928642067e-05
-1.416500578824528564e-05
-1.141752425412177247e-05
3.274965327911130909e-05
2.241640946402437658e-05
-5.114752146434895918e-06
-1.398241491090971448e-05
-2.168316871240791432e-05
2.666241556191416783e-05
-5.841361454082002772e-06
1.143260674415256200e-05
7.004363091243313031e-07
-1.586700382263065708e-05
-2.128173826920754902e-05
1.577240673974525850e-05
4.892720128447485741e-06
2.514148844906978079e-05
-4.421079160614545305e-05
2.286227458009752246e-05
-2.472103963861612259e-05
1.940846197576638567e-05
5.433269509168783563e-06
2.719166234526089731e-05
-1.011526290500443841e-05
-1.791162213515998684e-05
-4.409042764191675767e-05
3.197989034180570686e-05
7.522978458476778125e-06
2.992304991218456536e-05
-2.740076456046478611e-05
-9.489212439073294232e-07
-6.377697918298228666e-06
2.642419297687721117e-05
-2.051693590680847478e-05
2.070558147002550620e-05
-7.538564799012063800e-05
5.491526849222640226e-05
-2.232544453037553641e-05
6.869997589783961769e-05
-4.473641148099918982e-05
-3.122486799641405785e-06
-5.197136629700898128e-06
8.596301520080525493e-06
5.613305449484667036e-06
-1.658625558433331990e-05
1.258747940662920002e-05
9.465617738635318147e-06
-1.440649978675622161e-05
3.987704675560854473e-06
1.628342583339570566e-06
3.740897393648691090e-06
2.561702858758642902e-06
1.387619453648449003e-05
-3.763141978687478917e-05
1.138101642458732527e-05
-3.483471417294676994e-06
3.184197366744781076e-05
-1.685591571481311000e-05
-3.827517748990355787e-06
-7.580640120321082823e-06
3.634688697896190593e-06
-1.137982723702302860e-05
2.389803132588581494e-07
1.367492934754435671e-05
1.060835436993456947e-05
3.141152984201501738e-06
-1.368081613395201625e-05
-1.855272063134101232e-06
-1.192128303030159133e-05
1.218163488245671729e-05
-1.702684311257692164e-06
2.086826555928013991e-05
-2.339211450791920803e-05
-1.889622136134250826e-06
8.439134685489020653e-06
-2.845353566274233921e-06
-1.348214309966333502e-07
-8.408597059669003430e-06
6.151783484597849332e-06
7.979435547040805477e-06
-1.476343231163987661e-05
1.541130496106213563e-05
1.380116828821677209e-06
-9.628347174687979662e-06
1.353935999574297173e-05
-7.645867253440345789e-07
3.795619808742659418e-06
-9.511058304371854905e-06
3.340069252105128922e-06
-2.103903035497354946e-05
1.608270703382994044e-05
6.550412057306241381e-06
-7.756758611061133650e-06
5.254489419904034129e-06
-7.018249035356001266e-06
-5.543286874507297738e-06
1.448072752099259386e-05
1.098253167172360722e-05
3.013268770638726814e-06
-1.974909113563440912e-05
-2.207386414852167115e-05
1.504426952780001012e-05
2.524724226882521241e-06
1.740362673508191551e-05
-8.651483510683574002e-07
-1.420144971376198439e-05
-1.831466831711778365e-05
3.954303760604834536e-06
1.888636080677026259e-05
1.888999310096990306e-05
1.863103761730626465e-06
-2.245686737146921770e-05
-9.233108905392588934e-06
-1.445591040532313830e-05
2.209166557834106039e-05
1.801261758048377181e-05
5.026531271764366453e-06
-2.198638143821806006e-05
-2.196547691015998790e-05
2.138871812136783069e-05
-2.763835260361241039e-06
2.363354824434434097e-05
-4.629321701019818762e-05
2.968880161658106817e-05
-9.212658933258925171e-06
9.495981276792780974e-06
-7.371678170566579793e-07
-5.694518096472602736e-06
4.598590978240648237e-05
-4.101609624983367316e-05
-5.683668822660313091e-07
4.533424907160884073e-05
-4.345006056671227551e-05
-1.012069288076040429e-05
-9.331197922857614334e-05
1.016197937644913821e-04
3.787237260145885485e-05
-4.398870989827545133e-05
9.498428096814826043e-06
-2.182507253250629567e-05
7.489278124919032729e-05
-5.665062096493637332e-05
9.168543030765188384e-07
-2.898877896309207607e-05
2.634882372764839380e-05
-7.864940835025436267e-06
1.920085642096941241e-05
-1.523334170176685184e-05
-1.565211133676154537e-06
9.794558142853132632e-06
-2.739249419964197275e-06
-4.171448981503222384e-06
-1.696530130683976655e-05
1.649700202226480337e-05
9.229687070277153220e-06
-1.262302170781373287e-06
-9.488502370391540766e-06
1.676013321056542396e-05
-1.225727367047778750e-05
1.589469735416089473e-06
-1.933745811323416388e-05
6.819154676888061729e-06
6.672744278162423201e-06
2.769063773979966374e-06
1.461873749529978239e-05
-1.382774535496222240e-05
3.924173296407512803e-06
-1.339534764246609017e-05
1.181202044776974701e-05
5.963446058874278974e-06
1.451095953269086698e-06
-8.970631421925206973e-06
-1.043218948791231073e-05
1.888214223590816757e-05
-2.798557562038127267e-06
1.464590742441767837e-05
-3.148608957897819013e-05
7.668050503390462736e-06
-1.886276930903656599e-05
2.717080189227697517e-05
-6.852180533353638604e-06
1.451259825546256374e-05
-2.243273648843016290e-05
1.084176568265017056e-05
-1.506576294809098795e-05
3.401581931015934090e-05
-1.813574120183631175e-05
3.964476287612100702e-06
-2.943926650289099752e-06
-9.604375936717321558e-06
-7.274918379409089252e-07
-1.554854706603640350e-05
1.672294859203168633e-05
-1.244478178859275054e-06
2.221555174747157367e-05
-1.720212943223864820e-05
1.128412918468873273e-05
-1.811680815959978527e-05
1.486500827934755715e-05
-9.713931703838819045e-06
1.588599367241307758e-05
-1.416115346610603625e-05
8.687960718851664199e-06
1.759247754568771016e-06
-1.029957101770720118e-05
-1.699315651530074848e-05
-1.304366456895095325e-05
3.076293193192746269e-05
7.001006369277270404e-06
1.323996565020512596e-05
-1.943468767126066454e-05
-1.654960432651897935e-05
2.462002165930676195e-06
1.212793583446879772e-05
2.272481391274674780e-05
-2.232283644264563627e-05
2.539101038703527486e-06
-1.991968440607561931e-05
5.598253160928616707e-05
-3.923101586131338606e-05
1.504674036810256232e-05
-2.987539945775820663e-05
1.381296750780322579e-05
-1.653110062876074756e-05
-4.103837923316712248e-05
5.754671583457089386e-05
7.976343370376937883e-06
2.377053096641337535e-06
-1.217008905278808480e-05
-1.384063614904924294e-05
8.404297016333354563e-05
-6.933667055175054758e-05
2.108559289378954369e-05
-1.678441943615034280e-05
-5.128198566444930705e-06
3.089106499791884072e-06
-6.099966210489723186e-05
5.679409053082526665e-05
-1.871080218182824897e-05
3.595415259156916981e-05
-1.547163388604566494e-05
2.377961200272471319e-05
-1.604075193485793779e-05
-4.789531850806621609e-06
-1.793200001067775197e-05
-6.743317733845758312e-07
1.833212665323104794e-05
8.287997853750258414e-06
2.807921036268966325e-05
-3.688309933924939060e-05
-7.305814376423076919e-06
-1.889695372884558997e-05
3.106149614529800200e-05
-7.544057265211736844e-06
1.771501035511580146e-05
-1.541987934408213762e-05
4.006749067370055472e-06
-2.345162647136439787e-06
5.420441739140816387e-06
2.959616258459623695e-06
-1.578077426218140882e-05
7.352337257400409250e-06
-4.703222385258369950e-06
-1.228222267299325623e-05
1.411741060994496137e-05
-1.191855619549354506e-05
2.085944755967668188e-05
-7.204514718259878641e-06
1.650344441234211575e-05
-2.906581878379705343e-05
1.172944381533091555e-05
-2.038502495073889876e-05
4.244967171096546805e-05
-1.599244926481431075e-05
1.130680382403717310e-05
-1.121261101889351554e-05
-6.905418831684790779e-06
-1.009720297339677411e-05
3.257264899309797695e-05
-2.080013098137096968e-05
1.275383394804457731e-05
-5.022545239733460138e-05
3.630246174691473721e-05
9.117217400249753747e-06
-3.017923493740939456e-06
-1.794691980214534885e-06
-1.006247629948393650e-05
1.164499931399167297e-05
4.579205318538861341e-06
3.880547664282277594e-06
8.820635943314078471e-06
-1.864109033521284785e-05
-1.396020436151875074e-05
3.754299622676673763e-06
6.449640028794560934e-06
1.017289857637299473e-05
2.864073078796115459e-06
-9.387787859087384405e-06
-2.097830932318316453e-05
5.809126989030697706e-06
1.271250413281573677e-05
2.345541541046621003e-05
-6.962070182118660266e-06
-1.487589443716724432e-05
-1.366701733609761797e-05
1.240511716339367607e-05
-2.295393083634802571e-06
2.839197893861367353e-05
-3.666118332745308550e-05
1.381034745006274789e-05
-2.995690150051691901e-05
3.720244099571385092e-05
-1.116824841205971829e-05
2.852157492350300416e-05
-5.663843161435768022e-05
3.224873196510497607e-05
-2.525633726676921708e-05
3.672340800565258628e-05
-1.333568185137450755e-05
2.140132584888980232e-05
-7.164294047244552244e-06
-1.115681171577724833e-05
1.095759153088700729e-05
-2.258201251421172121e-05
1.225113826791324753e-05
-1.379047140417428504e-05
1.003345897627679851e-05
2.051332215848470601e-06
-1.180254732414647085e-05
3.462797941613152070e-06
1.543837245960744418e-05
1.926095132612669299e-06
1.033387620476311902e-05
-1.934642681628038891e-05
1.364226882075322891e-05
-1.809350349434392570e-05
4.900879069519126316e-06
-1.599598706631675233e-05
3.796909094066961527e-05
-2.375938671505002501e-05
1.320973332063450696e-05
-2.281448551564662657e-05
8.601090472982796941e-06
-1.796701555722434482e-05
9.265657784034001844e-07
1.692736000707877004e-05
1.794989012813289487e-05
3.890859107242937822e-06
-2.332054915132962780e-05
-6.055521756985010823e-06
1.330604782948238349e-08
8.700449937234559458e-06
1.486584778472301605e-05
-2.136382681600260483e-05
2.783790970528824261e-07
-9.889518383640537552e-06
2.410758114296130002e-05
-9.081958086671657564e-06
-6.307504942707515286e-06
1.193513141265175660e-05
-7.232243177082855285e-06
1.709207201650358516e-05
-2.444719782366022549e-05
7.073967347871108779e-06
-2.126849492874600392e-05
1.738521469298393501e-05
1.532466244611740844e-07
2.115796937494290330e-05
-6.011036954664049829e-06
-1.618449118434953408e-05
-1.218353679120989101e-05
5.356734271491354719e-06
1.185815363749619580e-05
6.554008567994663701e-06
-1.657068611509079700e-05
1.063489954614790409e-05
-3.728669897063609997e-06
1.807833101904761697e-05
-1.125859251477058805e-05
-5.943812606926679397e-06
-9.747399938899906053e-06
1.009878059278644266e-05
2.160337770946908181e-06
4.136872006567711587e-06
-1.476246395973337121e-05
7.830454033427978479e-07
-3.287630777979157025e-05
3.840558267896436608e-05
9.515398536588258634e-06
6.597740409110902764e-06
-1.738162820565923334e-05
-9.347062186031965849e-06
-1.706222947359786589e-05
2.690258446735108099e-05
1.781326630905153926e-05
-9.733126625980747636e-07
-1.329833920630189899e-05
-1.266017726081849177e-05
4.677932021466614079e-06
3.882441038229076973e-06
4.409649823246145329e-06
1.963653869853310426e-05
-1.851895030472154607e-05
-8.348473152192978461e-06
-8.536854972643259781e-06
1.096696907789605894e-05
9.792920468942627394e-06
1.042187422536244127e-05
-1.567026535906036204e-05
-9.131239064773000744e-06
1.432651803852578085e-05
-1.039356151299022730e-05
6.480410587183454846e-06
-1.780069090606520071e-05
1.370318927043204417e-05
-6.694363407881675479e-06
2.276669428493465351e-05
-2.114372000886369181e-05
3.333556860816671414e-08
4.023369814481106530e-06
2.487495433506281079e-07
7.354000563059426824e-06
-3.492114191714885632e-05
2.464190850923123467e-05
-3.662665367668999772e-05
5.608687452683264196e-05
-2.142956010788893059e-05
3.109183683799920315e-05
-4.422458298004271475e-05
1.708827002036217564e-05
-1.488137227677492859e-05
2.038087049893363222e-05
1.046418171544483583e-06
1.785259681808883689e-07
-3.445974089064107737e-07
-2.868730073485553471e-06
8.279133719399090676e-06
-2.544557952420369850e-06
-3.888095350666250237e-06
9.224023458389312731e-07
-8.177005271566203384e-07
2.098104312933378479e-06
-3.799868534486385192e-06
-4.429795310975250504e-06
7.971575613414601019e-06
4.528843499919096903e-07
-6.051117152530920181e-06
1.577901902399221959e-06
-6.061982043948136410e-06
1.663992944782371954e-05
-5.580663044531765566e-06
4.168814881823049940e-06
-1.499047571687696655e-05
6.998933712099660544e-06
4.547872662531194949e-06
4.202056999918806649e-06
-4.421795387915978946e-06
-9.160628154571727195e-06
1.097439314082168931e-06
4.936195070050954504e-06
1.950086865657475732e-05
9.048579034733015571e-07
-1.195993056494559789e-05
-1.137159577839997429e-05
-3.382757358681659314e-05
3.877311745221045637e-05
5.770090308832729128e-06
1.305852244254336177e-05
-1.695514682195925973e-05
-1.441175020576180229e-05
1.260520018157273631e-05
-5.705172964243876665e-06
1.225603844893234418e-05
3.969392793103214423e-06
-1.376729802456772036e-05
-7.841832090009120189e-06
1.522890778312763682e-05
-3.103294564231878845e-06
7.976645104675508910e-06
2.657659014049329253e-06
-4.848186072235676644e-06
-1.670589700680600346e-08
2.319712040222958182e-07
3.133131084019007644e-07
-6.393473326447273925e-06
-1.556279739950430381e-07
3.499902134622511252e-06
7.834200701864570124e-06
5.895384559896554643e-06
-1.378406020520298408e-05
-1.114423234882103411e-05
7.232938635689746862e-06
2.813336934580870803e-06
1.512563151325448590e-05
-2.035525649548943343e-05
7.315889635879461927e-06
-1.967323681270835171e-05
7.113703369971203754e-06
9.847129695907402638e-06
9.186897011656196781e-06
-1.968945188976390893e-06
-5.307275185648512219e-06
-5.117053075868133202e-06
-1.502669759941241264e-05
2.049215494426046867e-05
5.948140204320137376e-06
-1.137733127717112031e-05
7.199074816392413790e-06
-5.145273944816272974e-06
9.882464434777438373e-06
-3.748872208490212477e-06
1.917535378268504773e-05
-3.944128707328104432e-05
2.176415026732314480e-05
-3.219318004696377630e-05
8.577800138089032025e-05
-5.697443712513992502e-05
2.242789758709022241e-05
-7.165704758938660948e-05
5.171311513503228379e-05
2.454024653706289203e-05
-5.329121407305162868e-06
-2.085214347444369338e-05
-1.123072121001904254e-05
-2.427629764643951451e-05
3.459002142908865272e-05
3.907802179874132551e-06
2.669317375267169813e-05
-3.762677323070133225e-05
9.561401850022418621e-06
-6.334727881133036176e-05
5.720636328958146285e-05
-1.617214130888431600e-05
4.371012189432131026e-05
-2.773884678021016088e-05
5.217236385632287178e-06
-2.499494314536036200e-06
-6.576378917242114110e-06
-8.244800754201430588e-06
1.540242111395056403e-05
-6.494490997045100785e-06
2.383234382532420665e-06
1.523916475788134592e-06
3.082195160074402657e-08
-2.747021643601904969e-07
-1.429547935994160412e-06
-3.068591409144357502e-06
-1.945267534130216495e-06
3.357657740497404500e-06
2.874064550056804236e-06
-1.037894863263476064e-05
-1.022090242252026918e-06
7.039019574871305449e-06
8.983533493251327269e-06
2.825640643896471553e-06
-1.126702474373209010e-05
-1.885044097988644758e-05
8.209703216573143315e-06
6.669095487110094441e-06
1.516047338157649555e-05
1.153021884129485747e-05
-2.289045408747434062e-05
-8.302736844903200938e-06
5.590894508279234680e-06
1.076861424747811984e-06
1.524184120863217954e-05
-1.464068911573110111e-05
3.592236160097979667e-06
-1.691661341401902744e-05
7.755603316993646385e-06
7.617253872684418996e-06
1.521145693152378708e-05
-1.951576045203977719e-05
1.704639996244455808e-06
-1.711643178482833070e-05
2.134285586478936548e-05
-8.362386883148585390e-06
6.636183593371404651e-06
-5.729465744648591112e-06
-1.441303940179308796e-06
2.438145848919507500e-06
3.446080287361451074e-06
-1.322636337292441345e-06
-7.416244965504517161e-07
-1.344457507344560507e-05
1.203964820637827354e-05
6.461366174982420145e-06
3.252493166851471161e-06
-8.625833123089016858e-06
-8.387794927867323934e-06
-1.145258249525452659e-05
1.921748918876779765e-05
9.468725845876348884e-06
3.139362833056347137e-05
-4.263951899160780347e-05
-3.591902420762074868e-06
-8.787454928362763159e-06
1.418991116109898979e-05
-4.244229292171497822e-06
2.542901670758762795e-05
-2.362374894621913670e-05
1.480132915291063913e-06
5.719785683399386316e-07
-1.980416852739997057e-06
8.747906162907977644e-07
1.882492237117243633e-05
-2.134363659571161267e-05
-1.111941840932895623e-05
-2.555236102919492463e-05
3.810316025218620656e-05
1.473064195655923168e-05
1.363921747052078789e-05
-2.795503521934571562e-05
-5.851372277614550057e-06
-2.296542787247933071e-05
2.907275790857723931e-05
-2.162993647966283809e-05
3.722696656276140720e-05
-1.862648179986173323e-05
4.864223150926298570e-06
1.465036672671831883e-05
-1.434655549387178517e-05
5.647643651097893281e-07
-2.075330404572743037e-05
2.012767365156410937e-05
-9.794367084377163666e-06
5.642237914967578326e-05
-4.524120867678642469e-05
1.116750491717093142e-05
-3.821508205059959698e-05
2.370628828448441877e-05
9.518587541106769592e-07
7.744697900603890602e-07
3.248107833641860617e-06
3.655674660309017082e-06
-6.190572769072076863e-06
1.363718627843899012e-06
2.696703596200508655e-07
-6.581550460086863318e-06
4.039702592775261015e-06
-5.714635758986453513e-06
4.963196783671856426e-06
3.746597746496113895e-06
9.474106241678021645e-06
-7.084613259765698123e-06
-3.591533900017390419e-06
1.142353990461598851e-05
-6.278703036171050808e-06
-3.422178271403100105e-06
-1.878098319322353005e-06
-6.629082706915725130e-07
8.497460015474284100e-06
1.484258074214044887e-05
-1.148883339992850454e-05
-6.458054643179441339e-06
-1.648145508608750062e-05
4.935167948663803602e-06
1.202732608451628542e-05
7.702216165948349744e-06
-2.208133957812489419e-05
1.603872280581127195e-05
-1.348526778072849989e-05
1.236333405500278953e-05
-3.228245089405534221e-06
1.153707695217597986e-05
-7.170478122860795796e-06
-2.489146338775637151e-06
-5.751605790408111649e-06
8.705197137094938193e-06
-2.456841402293013233e-06
7.918049052859485915e-06
-5.673805090152874450e-06
9.765091921094690370e-07
-6.376712998836161497e-06
-7.281432932409722432e-06
1.146556448881252641e-05
1.203933168318088889e-06
-2.597356747878921002e-06
1.345602456801204118e-06
-1.643541600793556944e-06
-5.305716128272005926e-06
8.191847242881198998e-06
-6.616201822541542372e-06
1.958576371216710460e-05
-1.521633697257414538e-05
-1.083901756556088911e-06
2.389841624865203604e-05
-2.344484296027987786e-05
5.975362529551905831e-08
-4.061800560339425724e-05
4.342507936009070877e-05
7.349615680681709934e-07
6.092986981076774260e-06
-8.854517381363011152e-06
4.071258244775856800e-06
-1.831756359847607662e-05
1.404257679084973404e-05
2.121457608696899214e-06
-5.929789907047687408e-06
6.454972129794721083e-06
-9.708434507089453461e-06
8.211619345768201761e-06
3.312645245893415588e-07
1.427394168854144407e-05
-1.172475501784616616e-05
-2.819768652123365992e-06
-1.956848526061843085e-05
4.784641633669595596e-05
-2.665043087516610329e-05
1.989488072722643219e-05
-6.825675041993073584e-05
4.561307120816841571e-05
-2.252093688800949249e-06
3.324476849997366854e-05
-2.611428269126182550e-05
4.454877227963509280e-06
-1.656705177215488095e-05
3.894392793379785798e-06
1.169331362275004513e-06
1.712897911782918361e-06
3.352365650971628944e-07
-7.553202547975562553e-07
-3.926356797059736247e-06
2.595344599056498850e-06
2.646119849512240066e-06
-2.534231049303827855e-06
2.244130854394601885e-06
-6.073829690107059988e-06
6.348739103345174350e-06
-1.343914386599204074e-06
6.393442802645127928e-07
8.307525478491484903e-07
-1.351816677160701374e-06
-2.987258897222726942e-06
6.007759255699886809e-06
-3.611824546330973656e-06
9.477459730664167565e-06
9.212895501003407622e-07
-9.960552101548038545e-06
-6.159514191973999354e-06
-4.438684089815001280e-06
7.945461718321927401e-06
-7.394449897791305736e-06
-1.146373900557603827e-05
1.621591931460557732e-05
2.311395854686966597e-06
7.513149955240201771e-06
-1.352877600215712794e-05
-1.985011702626922396e-05
1.473357564471485431e-05
8.244960742370863150e-06
1.906407137227512059e-05
1.197839986875269921e-05
-2.942736771356144792e-05
-5.588166144585019537e-06
-2.381796034401894706e-06
6.850456037539205475e-06
9.654769354232108926e-06
-1.066713077863112378e-06
-6.608635559517872191e-06
-6.702962345543639423e-06
-1.095736658702666156e-05
1.573692689772516492e-05
-1.081426821777783053e-06
-7.890047843735059285e-06
1.150786046680284485e-05
2.216784970535805518e-06
-2.421248031389733644e-05
1.746154786804731020e-05
2.821053920869849161e-06
4.262250468602925486e-05
-4.204616971038703678e-05
-1.173125505142764356e-05
1.074301439616193112e-05
-2.559199748405287827e-06
9.432211187143562037e-06
2.407387093492694186e-06
-1.124989649279626861e-05
1.512566649197267374e-06
-2.992915649191596060e-05
3.109951319000005244e-05
3.343374447467836829e-06
-7.786991099632064613e-06
5.352541222892005980e-06
-1.482651635728843271e-06
1.027954828775550166e-05
-1.059993272394838314e-05
7.261895906542744046e-06
1.673846752631293977e-05
-2.279187646547976869e-05
-1.512420679979999781e-05
8.173003200576515291e-06
8.048933909624171170e-06
7.234320291928417085e-06
1.464493657934818897e-05
-2.498906149763636034e-05
9.830738059389890803e-08
-1.786041972802428074e-05
2.061091773044477365e-05
-4.979266401603674775e-06
3.943301327784521336e-05
-3.667654180455637855e-05
1.070741934177348670e-05
-3.298613996171103632e-05
2.377130900391875577e-05
-1.256371550895297095e-05
-9.138191216394265384e-06
2.069259148278948225e-05
7.187025559697635009e-06
2.743073048718554845e-05
-3.557288031974875577e-05
-6.699478308381259334e-06
-1.771897403967054733e-05
2.919149208353167001e-05
5.626309878868115036e-07
1.457872142088290146e-05
-1.775529730098896435e-05
-5.645638348387916927e-07
1.423496882852254064e-05
-1.217181654311016813e-05
1.613225327790832460e-06
-2.135008725321471118e-05
1.946672248357175130e-05
3.307647225425782916e-07
5.288144780093137677e-06
-6.839875276652914208e-06
-4.452616882180775024e-06
5.709315300765333798e-06
6.859255407051604041e-07
4.360063999129806464e-06
-1.545680820784164729e-05
9.809249470820114369e-06
-3.086694902565687521e-06
2.392278614930775369e-06
1.326468456428318995e-06
-1.289843530285132527e-06
-2.901416751034782736e-07
3.068931616108311669e-06
1.412376147029521510e-05
-2.601843194708485041e-06
-9.873369524045143655e-06
-6.844265572320876303e-06
3.525043663833288797e-06
6.547922174671785844e-06
1.547660899642033523e-05
-1.584006007306204143e-05
-4.991156780629420111e-06
-1.711019298195052592e-05
-1.803588752244933131e-05
3.345100383621367034e-05
2.676054085157996082e-06
2.840828176043455361e-05
-2.986386766775669623e-05
-9.413332538480014651e-06
7.159097531964618306e-06
1.695582005088611677e-06
5.812642024530315495e-06
1.347344835570655487e-05
-1.729022374075158186e-05
5.329937996408812587e-06
-3.231678979489077664e-07
-6.067000870586600469e-06
-3.357242232269811024e-06
3.329712514897621419e-05
-2.775847601138363115e-05
-5.865720657755696841e-06
-4.226582101497277971e-05
4.707951556373982680e-05
1.084672338111423156e-05
-9.330133483573383975e-06
-1.152556877634034594e-06
-6.450007713163570956e-06
-9.044956392266030183e-06
1.628887609682337756e-05
4.725291714040913921e-06
2.028515049594208346e-05
-2.855315386500145128e-05
-8.331897788667507523e-06
2.366921153946446621e-05
-1.585083455748118568e-05
3.446925103866103986e-06
-2.885176830198869893e-05
2.663228108873858728e-05
-7.645616649197723591e-06
-3.034565840429550199e-06
1.014718901099386078e-05
1.678031235469873506e-05
-2.802623697920902810e-05
1.095266878146878902e-05
-1.186090097689856512e-05
2.116291501677492642e-05
-7.185572889532963810e-06
9.199940194404970377e-06
-5.064661311477904211e-05
3.857689752100686067e-05
-9.084241477558042027e-06
6.058119043068628355e-05
-4.743241072831923743e-05
-6.489204965215343480e-07
-3.798291835611911343e-05
3.468134582904362686e-05
9.199964756335452637e-06
1.255826712014828186e-06
-8.513014083805703678e-06
-8.583451039499032868e-06
1.331711141110409859e-05
-2.901269023647668114e-06
6.758559786018273461e-06
-2.159054816022310298e-05
1.174836604536848178e-05
-3.667061519410300927e-07
1.681869105695372709e-05
-1.523665491846474697e-05
-5.029677502416299132e-07
-2.155379408256265659e-05
2.197704971382217343e-05
-5.206435859482348404e-06
2.964314812443355008e-05
-2.616537098887881577e-05
-6.758074995921791829e-06
-6.662441291621540825e-06
1.431411614019666113e-05
1.475679890034840470e-05
-1.526027981169218766e-05
-2.971418196876175522e-06
-1.078320726387985476e-05
1.920796533203599442e-05
-6.480058011997099501e-06
3.929859318602820088e-06
-3.438074321056670401e-06
-1.875839860937474112e-06
6.069754758668371140e-06
-6.451593326738034971e-06
-8.787668592925661475e-07
-1.643941670686028470e-05
9.752259484973056823e-06
7.263990991360525458e-06
-3.401771701684477931e-06
1.202959318737384386e-05
-1.192288186208870920e-05
-5.896045066119951473e-06
4.124224508296153008e-06
6.023492488035785315e-06
9.449059896754681033e-06
4.123229938570470486e-06
-1.364623712199691815e-05
3.331670311302516326e-06
-1.052342977850493681e-05
7.069680915321552934e-06
3.467674958934257714e-06
-2.327780160164656938e-05
2.149328670034391501e-05
3.323574198088769512e-06
-1.683736160213979027e-05
9.718008777995383921e-06
-1.089135873609658193e-05
2.142719920820427735e-06
8.918000095122804554e-06
1.005691247205791730e-05
-8.493166549187967568e-06
-2.334396805156009277e-07
-7.665868394324224801e-06
3.700870777018088500e-05
-3.164833898230342841e-05
-5.257230715324796444e-06
1.924109504822336865e-05
-1.208098441495610584e-05
2.422853625020230470e-06
-1.061292099936469523e-05
6.487342275752572530e-06
5.097963420978032537e-06
-1.334300637888527144e-05
1.275060177673455632e-05
-3.749470560824375018e-06
-1.166647726481748307e-05
1.326718274660115674e-05
8.107018423325692712e-06
1.053023601334381457e-05
-1.616739163966662959e-05
-1.860909728604580749e-06
1.192582750269985192e-05
-1.337287975035548949e-05
-6.824593461969048628e-06
1.030528171627967037e-05
-5.937052266636497128e-07
1.486782317821592330e-06
3.478321593648981493e-06
-6.916402341554390146e-06
3.206866551048577397e-06
-5.523378996934998975e-08
-1.513856938361168378e-06
7.766877070064807505e-07
4.556961217334980333e-06
-9.126605773184791754e-06
7.600827557895012328e-06
-3.385423785594205310e-05
2.942933131888097347e-05
-1.365608419956928445e-05
3.445520691478833053e-05
-2.278405795214543983e-05
8.232710201690749460e-06
-1.043552968619557459e-05
2.057092092541022679e-06
-3.397578784730139433e-06
1.750238909568746238e-05
-1.346150711086177677e-05
-5.544137359129617734e-06
6.352723417582163096e-06
-6.315212118984950480e-07
6.818287226001332852e-06
-3.807632728466119759e-05
3.169518440965714837e-05
7.678091523697298777e-06
6.174897171699964270e-06
-1.097069233682321183e-05
2.004010120053375008e-06
9.791408208593687184e-06
-1.420924247844429120e-05
-7.719391906111302900e-06
4.202199921432698529e-06
7.387677206228423734e-06
6.380297354090806234e-06
-8.904852859585960726e-06
6.251092094849085810e-07
1.048855762733794621e-05
-2.326360286828802355e-05
1.560675041727068742e-05
-2.527630147550572281e-05
4.843170486561919141e-05
-2.378364075865906221e-05
1.414576419833321608e-05
-1.120566256464366147e-05
-3.570017171996502336e-06
1.100143218884743244e-05
-2.735850175516469073e-05
1.757506197987860008e-05
-8.106796886707623995e-06
1.777319450578472966e-05
-1.068030470992431801e-05
1.338114851626323826e-05
-2.461595629819205621e-05
1.060148898514539343e-05
-1.631746161126408520e-05
9.669777793896897311e-06
4.841813790865530671e-06
5.884577181176707670e-06
1.852162746335209384e-05
-2.664575569875739561e-05
-1.335920371732861211e-05
1.907351894723733674e-05
-1.200688804297801368e-06
1.540310798979612630e-05
-1.070201009329080363e-05
-5.136417245627174796e-06
-1.762133900783872768e-05
1.193887633807842983e-05
3.918652813018833877e-06
1.720347475620829220e-05
-3.854421332322696453e-05
2.298079735408270323e-05
-1.537577947558797851e-06
-2.069399949477590807e-05
2.177616180794456882e-05
1.706002863280936436e-06
2.499632206879591099e-05
-2.493867193473772655e-05
-6.164284049294463860e-06
-2.255551574763980880e-06
4.694633700943707120e-06
5.262133237845430527e-06
1.809578639677141050e-05
-2.099667997793375871e-05
-1.214577760520607275e-05
-1.213844153532907072e-05
2.128035003156559111e-05
7.423949791230004245e-06
-1.916431998760521883e-06
-8.803899583237921784e-07
3.672400965950197526e-06
-9.033600441945451834e-06
2.738802048706268517e-06
-6.599969700043953501e-06
5.002760373663382567e-06
2.253367988170673560e-06
-2.833860463865918319e-06
2.161551358312446960e-05
-1.960900665050359834e-05
-4.220984798880642397e-06
7.808568259462389600e-06
-3.782127020514299707e-06
4.720995241910911285e-06
-3.285333964925996237e-05
2.961335035786075097e-05
4.814864563052530170e-06
9.449721563784488777e-07
-5.348249203231062718e-06
-1.259459907082616787e-05
2.915996825836240745e-05
-1.704953076077595563e-05
2.511161029357999079e-06
-1.870656212846592023e-05
1.486565688655537443e-05
6.959318298139764357e-06
3.729363661296680519e-06
-1.013551194977972583e-05
-4.971554919211725648e-07
-3.657924461822138500e-06
4.550346642375413341e-06
-1.326790693414624575e-05
2.146882616780329970e-05
-1.166391247726726821e-05
3.933180392717803577e-06
-3.177429374746377626e-05
3.073981067022341253e-05
3.072769784277153538e-06
-5.642417346732620393e-06
1.036059477036619335e-06
2.713507769872920878e-06
7.204147970199563855e-06
-7.612445525719955164e-06
-2.338910190129924683e-05
4.306911683540208150e-05
-2.309811679582953665e-05
2.945945031630411314e-05
-4.732154445286482138e-05
1.888117224369874624e-05
-1.283927136299620998e-05
1.637648479782868923e-05
-4.239898535053615632e-06
-5.089633966644075503e-06
9.850866450977354099e-06
-3.497221846527134859e-06
5.711585364208804141e-06
-7.352476088299732761e-06
2.535282376661279169e-07
-1.042837487463137845e-05
1.873018799791828390e-05
-5.112144359257740498e-06
1.306276584490303101e-05
-1.715279417154393792e-05
5.615907224624657829e-06
-2.121738842493044777e-06
-3.952934676797138354e-06
8.140058870261370952e-06
9.860258402161496935e-06
-1.498003620974140634e-05
1.563942566654113151e-06
-1.536700178495347546e-05
5.846643912869665778e-06
8.533769324563128295e-06
1.507538071014603803e-05
-2.748039151879969002e-06
-1.024035818367266345e-05
-1.058782572799982618e-05
1.877771347610714372e-05
-9.884600704117022044e-06
1.615437125288413996e-06
2.128433755658813473e-05
-2.121833611311576634e-05
1.999801981467833436e-08
-1.968907372597438220e-05
1.788244526521503484e-05
-2.249185161740328244e-06
1.137760335696715749e-05
-6.884319320769600671e-06
1.990323197716539052e-06
-2.100531482900097640e-05
1.790831657558742562e-05
6.486131239303025998e-06
1.020684019608930095e-05
-1.450983391478260801e-05
-1.165512220402487999e-05
7.115416932856341521e-06
5.240477567945147838e-07
1.811951475161734191e-06
6.367806580499386893e-06
-7.460592967621793957e-06
1.865159775161250335e-06
-4.011843585271330373e-06
1.814167880460757003e-06
-1.947493397402597795e-06
2.842071896438761353e-06
-2.995051863308719690e-06
8.412787987732004064e-06
-2.716524535057549021e-06
-1.268895625869796903e-06
-4.099204479083285693e-06
-8.329782027317835966e-06
8.114087806058404591e-06
-1.863835855490183040e-06
1.055654275965913336e-05
-4.627474118122357807e-06
5.379817594570950832e-06
-1.147461681757423638e-05
1.277896707014226018e-06
3.488582152879439150e-06
-5.917638751052660420e-06
7.603646784544414138e-06
-9.107788644463887925e-06
2.243452859315050161e-05
-1.595641180054195016e-05
4.532484321682102500e-06
-5.069521342520976971e-06
1.976092077425535349e-06
1.316942952178505418e-06
-2.794381912652817940e-06
1.168460000197100830e-06
2.750821467780642544e-06
3.977623539942555845e-05
-4.336131413933712244e-05
-8.300448784569448510e-06
-1.358575564291145429e-05
2.313760908962828120e-05
5.123926348017458670e-06
-2.597407988617161072e-05
2.004904186762620824e-05
9.317141022077091920e-06
-9.322094011774720529e-06
-1.806537440345871352e-06
-8.431815159703065228e-06
-5.825682375360553223e-06
2.030587480608474918e-05
3.908789366743447938e-06
4.719863289136072917e-06
-7.984052329501790477e-06
4.858699918577429644e-06
-1.256672933501180563e-05
8.993065690937735964e-06
-7.512940959151776153e-06
1.441083093173256219e-05
-7.965745568728024758e-06
2.222057339938388642e-06
-1.536527222282370938e-05
1.155655582802463245e-05
1.087600063771662567e-06
1.132668931495116919e-05
-1.357280443952586134e-05
-8.403966943993218519e-06
1.045718608133599195e-05
-3.206738602987378039e-06
2.822681707360728799e-07
5.708103959844727424e-06
-4.312461246433749510e-06
7.217866833795212562e-06
-5.168328322413965501e-06
8.510833718852681411e-07
-8.918307448040825014e-06
1.554211023622521091e-06
3.921995043470401242e-06
-2.041854004146108421e-07
-4.212244174511799784e-07
1.246038988343625161e-06
3.258432751717042945e-06
-1.189383780965504085e-05
7.943832543457088693e-06
-7.607317737226414301e-07
3.102111339276816365e-06
-1.180107354940633616e-06
8.811831107615363863e-06
-1.796544017722489860e-05
7.741462711542544361e-06
-1.010045645535126225e-05
2.610269766694628719e-05
-1.510479110753636903e-05
9.154685610593582787e-06
-2.222570782091608103e-05
1.194357913148245227e-05
-1.298159252763952262e-06
4.567228568284034237e-06
-4.952964610609083607e-07
6.132947647668283495e-06
-2.152914790973258470e-05
1.550491466414826743e-05
-8.858707021995781614e-06
2.135755491156971679e-05
-1.140914072231778461e-05
2.857571495264318333e-06
-1.759542639801561374e-05
1.526235372423189563e-05
-6.506444461885601219e-06
-1.107583052637045991e-06
5.622160775762687787e-06
6.098551630318899033e-06
8.548676405852308961e-06
-1.377198324770158672e-05
3.102088008607337903e-06
7.402715016815901650e-06
-1.346589968043313687e-05
2.851253930768907373e-06
-2.858533566318923142e-05
3.228442444915228263e-05
-6.718397624818003200e-06
2.219980499822590386e-05
-2.044110125043716210e-05
9.473415559758522253e-06
-3.386118190740748554e-05
2.590011918028562471e-05
-2.742035242254151290e-06
7.915542889480287907e-06
-6.058183906215214697e-06
-9.032203728378572559e-06
2.076709467148035791e-05
-1.353103546790042454e-05
3.154211136434365236e-07
-3.772032466247388468e-05
3.919330928813511729e-05
4.427570414178514954e-06
2.411634360763822676e-05
-3.008422006137350735e-05
3.825447602349761427e-07
1.249113158145532916e-05
-1.082466371915278197e-05
-6.216025975244456422e-06
1.256254675692099437e-05
-5.666962495262625233e-06
5.016105880674481615e-06
-4.961033887467622557e-08
-1.076244090798403536e-05
-2.958049637772280438e-06
-6.466677521285119278e-06
5.999279397323063455e-06
-4.211637634386955546e-06
1.669498045034344417e-05
-1.242102917504019999e-05
5.849005072943083949e-06
-1.089068371261576158e-05
4.211261590053623567e-06
-2.719401512404887828e-06
1.252871594798388927e-05
-7.824582485762409596e-06
-3.056372830065612006e-06
-1.173999171794214263e-05
1.512269678503079023e-05
4.690437593882872091e-06
-6.580656721023771526e-06
1.960286677718068319e-06
3.897871810892585112e-06
-7.195618421709389238e-06
2.413529482939540658e-06
-5.664475022830717357e-06
6.001574041381292326e-06
-2.795637182845927946e-06
8.911048976920084134e-06
-4.263078782076877773e-06
-3.038252174144246041e-06
1.031145815778650315e-06
-3.488980938759956332e-06
2.595717314696618851e-06
-6.268462649320819370e-06
1.699385992315995331e-05
-1.162195917403201720e-05
7.142500334121954487e-06
-1.774731690501183317e-05
1.086807379082934793e-05
-1.288794974375808561e-05
2.348328322756739809e-05
-1.048169864844548101e-05
1.064401529040453728e-05
-2.408227046480229883e-05
1.377331044114086749e-05
-8.016634267376815669e-06
1.646508429800049437e-05
-9.023487421007816511e-06
9.239215889075887297e-07
-1.380811579764303396e-06
-4.048646881178141823e-07
1.597688699038912429e-06
4.179756481382165371e-06
-5.735537007964800664e-06
3.750062613092394043e-07
-6.676547550200232083e-06
5.813222036807980055e-06
4.116557889115503665e-06
5.287393697637999494e-06
-1.043201503954357265e-05
5.667539477298015309e-06
-6.541547990163189139e-06
4.465511796686928340e-06
-1.198946167016187585e-05
3.803692212108463223e-06
4.790587686712944179e-06
1.066764858864563203e-05
-1.434487935510647061e-05
6.137250199935883277e-06
-1.000483187489476719e-05
2.365819352111492757e-05
-1.590130007168169090e-05
-1.884470642710804147e-07
1.208741152067549518e-05
-1.176297961512186192e-05
2.467503295031571751e-06
-2.512545709928729214e-05
2.563191201193117447e-05
-5.652053721471461717e-06
2.870159543175953342e-05
-2.276120214700124697e-05
1.017640239802335704e-05
-2.451168665863303597e-05
1.390598526875155101e-05
-1.270992740893368734e-06
-1.135419569571707079e-05
1.389078709352375915e-05
-3.576770850241698448e-07
1.463385152949869617e-05
-1.590369476998657470e-05
-6.410695033269286564e-06
2.351415059483657234e-06
2.736014579339597730e-06
5.500154055585464269e-06
-1.446117343015823602e-05
8.856077072090129019e-06
-6.777815941492546111e-06
1.222573850726288655e-05
-3.233139967040965734e-06
1.011382134872909757e-05
-5.096685935043687588e-06
-1.811701438561917718e-06
-4.788080882131570317e-06
-5.925557703505453414e-06
1.121781317711542119e-05
-5.697333270885485967e-06
1.053764460889384142e-05
-6.013108398143996708e-06
7.175252939486336890e-06
-6.640338839106085522e-06
-1.767943992820564825e-06
8.841788943199207758e-07
7.194139552533482295e-06
-8.351890095761587432e-06
-2.213541563368108832e-06
7.679698736079438985e-06
-4.957869931688510605e-06
-7.193457235149387617e-06
5.541576767244790530e-06
1.359374129619139287e-06
1.104477515066336441e-05
-1.467228812385364607e-05
4.007412986357033964e-06
-1.058118189042354587e-05
1.286165439294944662e-05
-6.583187168963324178e-07
1.263150737948965691e-06
-2.862016963706454379e-07
-7.689076263056601889e-07
1.719725578203235452e-06
-1.527544111677439306e-05
1.314210002114823320e-05
-2.596728737531049434e-06
4.324166682202209723e-06
-1.497154626552016647e-06
6.217625399281150461e-06
-5.031541871122743517e-06
-8.179542551608164233e-07
-3.830856684031696848e-06
1.021537350435414202e-05
-5.554494773289099464e-06
5.196743683398163406e-07
-3.956557808187166961e-06
2.274013918124223778e-06
5.180369217740922612e-06
-7.995675552728011046e-06
4.609463948973133030e-06
-8.488013407596688885e-06
5.024879612468835386e-06
1.583163060987756228e-06
1.055797884273421375e-05
-9.073693752602531211e-06
5.444929487507751444e-08
-1.202763347980198249e-05
6.247377766184331017e-06
6.532457433768758411e-06
-3.996181328398027545e-07
-2.014027525637149523e-07
-8.653093812390107165e-07
6.359776531914245189e-06
2.891931996530793008e-06
-8.783754573585969704e-06
-2.766364284005928310e-07
-1.047707492506285283e-05
1.152636195577740053e-05
-2.332396216713610579e-07
5.194936189281789123e-06
-5.753051089780320581e-06
-5.525779241928520983e-06
2.038255982042350020e-05
-1.470479477591230913e-05
7.289967348406657353e-06
-4.076142926192749861e-06
-3.471749440290543235e-06
-1.580243002665596007e-06
-1.494820332348533354e-05
1.374282883162629196e-05
-2.757485940485507950e-06
2.760992427308025127e-05
-2.065131936899898887e-05
5.617946998833784134e-06
-1.766338855825974895e-05
1.094312004399911460e-05
-5.783301854777315697e-06
1.319761172497823944e-05
-8.179291362339564906e-06
4.682342884819370722e-06
-7.375083201525330959e-06
5.325111344738303266e-06
-6.425479770822415445e-06
8.444963223991740621e-06
-4.510497381833705710e-06
7.921863418585366241e-06
-1.351333623818312367e-05
7.090917211166430134e-06
1.468597169412054433e-06
-6.449705983548778725e-06
1.906807609605133964e-06
5.739749999571057832e-06
1.124769467855041754e-06
-5.956004555948436266e-06
-1.108225147647665289e-05
1.343502500210205219e-05
-3.540968042233772167e-06
1.702998172242210445e-05
-4.388279059273209986e-05
2.933918210995460998e-05
-2.347466871227887533e-05
4.580695861065887806e-05
-2.276966992100499021e-05
1.658228895815288479e-05
-4.754414699372938081e-05
3.248115793851733603e-05
-1.497276480620924557e-06
1.622409022804615730e-05
-1.508724190052539092e-05
-4.350942304517783050e-06
1.285286043857331517e-05
-9.546049548140782289e-06
-2.381700837671398089e-06
-1.486860067097454903e-05
1.612675875860247168e-05
1.182206131089300429e-05
-6.675978579935286603e-06
-4.218701299988985185e-06
-9.199683129955141757e-06
1.135937091976886207e-05
-2.067780493267386483e-06
4.094115791740218394e-06
1.612454906977315173e-05
-2.057874292921652045e-05
-3.127742492710704809e-06
-6.287787505146267403e-06
1.021788516675583864e-05
2.223219743545157491e-06
-1.312988706246047605e-05
8.118048682983418189e-06
-7.705862253163920956e-07
1.462608031575200124e-05
-1.197278010994298284e-05
-5.815610423897885490e-06
-1.793260492738436219e-06
5.418867975038370900e-06
7.699876138326673726e-06
1.354496761853646914e-06
-7.238180162660353065e-06
-1.123427224744698773e-05
7.978486265899022533e-06
1.952528586771943987e-06
1.171205182717682990e-05
-4.200839844543668717e-06
-9.237088323675879070e-06
-3.721054335580453772e-06
9.282454401237444231e-06
-3.418525512044826438e-06
-4.481221530370886438e-06
-2.228859314789410697e-05
2.538056499062065152e-05
-4.432848759921397878e-06
3.733052509145681666e-05
-3.347994676384892835e-05
6.742334985123430463e-06
-2.021044469642001908e-05
1.311332025791984854e-05
5.001949307569915690e-08
-3.871540464110648108e-05
4.012881067843889458e-05
-5.167234504064483838e-06
3.010662069197884194e-05
-2.697962933403043887e-05
-1.587463825604116610e-06
1.734860277066663261e-05
-1.286103004837367698e-05
-1.059614575073208233e-07
-3.623240807832959283e-05
3.300294166681121166e-05
-1.588312697286084004e-06
2.841540186999873632e-05
-2.568319261088205531e-05
7.827124074243598913e-06
-1.883588314958462649e-05
1.187705897494711646e-05
-1.021226237611808861e-05
1.362491460467501222e-05
-7.031903443649112963e-06
1.850041094412567495e-05
-3.402379220408441904e-05
2.125459589175715872e-05
-4.873981640583219182e-06
5.852649388783751636e-06
-1.381636762944780320e-06
-6.193999570248854295e-06
1.244519557724582021e-05
-4.015869977324116095e-06
1.593896444790524325e-06
-1.599053398145142363e-05
1.484246832089352070e-05
7.798502648172286748e-06
-2.867918525149097139e-06
-4.394415229473784375e-06
-1.158529794793926311e-05
2.898161034637009972e-05
-1.889214115554635259e-05
2.016067348453652835e-05
-4.301232721187243924e-05
2.328812393080194543e-05
-4.044319168620834115e-06
2.212121154367918078e-05
-1.879364248055462604e-05
-6.218239835526162260e-06
-8.666002124818599102e-07
6.973549227012718386e-06
5.791729741526497213e-06
-8.829265358865062273e-06
4.524034967560217120e-06
-5.859371838613970013e-06
2.226800810141286898e-05
-1.476616260916156599e-05
6.237511761869081839e-07
-1.719270175724233027e-05
1.326039341536608050e-05
-1.643681402510053292e-06
1.287047784780276325e-05
-1.059860929882956639e-05
-2.340709709476530416e-06
-2.238010109704410616e-05
2.497143331572971819e-05
2.155713180114747043e-06
1.328482448325996482e-05
-1.551693608520778308e-05
-7.978549405651565163e-07
1.767173143644938808e-06
6.936106119469981557e-07
9.814232122552639278e-08
-3.531907179679086547e-06
1.652142838398926678e-06
2.868236224258439944e-06
-4.894404012052095744e-06
4.375849582329433312e-06
-2.222189185907098307e-06
6.199886810614612123e-06
-4.588746069985981013e-06
4.790334702941018451e-06
-1.311065651872037921e-05
7.665562223365608011e-06
-6.433448702142955395e-06
8.737601624498532210e-06
9.891374477501149926e-07
6.225402130373070193e-06
-1.568752247013148718e-05
5.841853955720739352e-06
2.292210990953905742e-06
1.269370335939919151e-05
-1.067529292130892153e-05
1.012185136149046986e-06
-2.362855919372162624e-05
1.803934171221678530e-05
-2.806229548872726372e-06
2.236540587629888565e-05
-1.503272687619505534e-05
5.428512028905400082e-06
9.538356620345612096e-06
-1.577816783557001705e-05
-1.283723759630035375e-06
-9.148254258262057619e-06
9.357564995083472725e-06
7.226641029347612208e-06
-3.046344757722255420e-05
2.114387864184190505e-05
9.390978204359997986e-07
3.055290561864053224e-05
-3.013108722405792567e-05
4.070089125885970676e-06
-1.766957693150041992e-05
1.463574476453269190e-05
-1.724894884347923893e-05
1.568906873510800013e-05
-2.341656922614221042e-06
1.700534540419378971e-05
-8.183792335483637326e-06
-4.485195379811502589e-06
-2.003380899665722426e-05
3.812909176853673972e-05
-2.437894673291101630e-05
1.042589848480178529e-06
-5.812415001803759862e-06
6.009113247122680943e-06
-1.448714489878346629e-07
-1.290647939882883278e-05
1.243427800127250811e-05
3.599966641167918200e-06
1.917467701288177361e-05
-2.303414277183388580e-05
-3.341593831166328975e-06
-2.200046294967229329e-05
2.543896204188679662e-05
-4.050436743294073946e-06
2.401255862943820914e-05
-1.966727276907502715e-05
1.048062076489819079e-06
-1.170401282528391393e-05
9.545988315507062535e-06
-5.530467293488019380e-06
1.310224683175698640e-05
-3.778677171837103405e-06
5.662226125881963295e-06
-1.830922378214379999e-06
-6.084408937567007509e-06
-4.826389367541956390e-06
-1.115775048779429053e-05
1.642961607160660663e-05
1.052790715547860691e-05
-8.774640368255808741e-06
-7.606412896626118191e-06
-1.016746836076010879e-05
2.035447349059074521e-05
-2.479984599224737015e-06
7.560976003239775114e-06
-1.528838653580113900e-05
4.027207412164661885e-06
-3.668838932291676337e-06
1.519347225805120086e-05
-8.924029534667862829e-06
4.251595109097773887e-06
-1.135006710750139118e-05
4.435486337454366282e-06
-1.003240016027155328e-06
1.705785816461328070e-06
4.597366218134986854e-07
-2.727430166315885564e-07
4.353375280804664161e-06
-2.457674705682098934e-06
2.037252369996374887e-06
-4.319035593385359660e-06
1.404684849323615571e-07
-2.460517901223424443e-06
1.261854537891335610e-06
2.471589722087315507e-06
-9.212065905581237136e-07
3.200539252919240578e-06
-1.889298548372457417e-06
-2.961921792327729572e-06
-2.799005138099118538e-07
-3.182630907371737581e-08
5.598080876997822076e-06
4.604228465564807630e-06
-5.890646593425731371e-06
-6.933558832406966027e-06
-3.779928557874754800e-06
5.468578255032113599e-06
5.823832303383927862e-06
5.094912915925501728e-07
-1.899175578678969424e-06
-1.146078245953626125e-05
7.239158268258151816e-06
8.142005217017746937e-07
-2.896004062393016097e-06
6.683930938999374223e-07
8.707627382009546781e-07
2.760095014778628225e-06
4.623461593748596481e-06
-1.517656210688288877e-06
-8.581585979347721625e-06
5.782691739070426048e-06
7.985423664827509787e-07
-2.485193955904397970e-06
4.611217256104735538e-06
-1.880886407848765546e-06
-8.174782225401285525e-06
1.067667019068762501e-05
-5.307801776722728228e-06
2.214613622458460576e-05
-2.414883768661175393e-05
7.195836283416471915e-06
-1.422221263564389174e-05
7.488156711067415279e-06
3.899319498669334207e-06
7.484444656338498154e-06
-1.396094260427701830e-05
7.019857259103257953e-06
2.403502728664215383e-06
3.124555627624824641e-07
-2.068103062259072690e-06
8.197282599588005551e-06
-2.953686399945024165e-06
-6.068357928449356119e-06
-1.005325421473752439e-05
-1.565849781909610427e-06
1.205296313224559735e-05
5.638407470923876071e-06
8.472380167757493231e-06
-1.332054915742915020e-05
4.237199073642489932e-06
-1.318902453267515546e-05
9.127534811100179886e-06
-6.383783595943054796e-06
1.263175958097573223e-05
-6.190501622033609016e-06
-1.256301540730161268e-06
-3.329963590847946625e-06
3.087264685531761963e-06
-1.806800881848204737e-06
-6.340272023398173183e-07
3.210077986514489886e-06
6.755806479801032357e-06
1.031216423644162476e-05
-1.649036792695742127e-05
-8.251661027434556165e-06
-1.845139263267137400e-06
1.285755526206414418e-05
9.479338666738591022e-06
-6.602367604620052149e-06
-7.311191851949847250e-06
-6.099817015190792498e-06
7.674604578489483032e-06
4.209139512405132722e-07
3.804803304354708279e-06
-1.087915614245377281e-05
4.985806031027521097e-06
-3.652127416154184213e-06
1.520231970401911883e-05
-8.714136434924489827e-06
-1.360382732496856153e-06
-1.566752306266315346e-05
1.477997888360478798e-05
5.782344408042474299e-06
-6.522819666484940356e-07
-5.360430713362178884e-06
-5.269834725739763425e-06
3.523558773026580612e-06
1.825815916355058512e-06
3.453769537179261610e-06
2.616236605975436524e-06
-5.201409990645979411e-06
-3.093561068395068162e-06
-2.189385742835950691e-06
2.651675978478049573e-06
1.010431102944266118e-05
-1.813760969426489220e-06
-2.738520162060805311e-06
-8.395596765215777139e-06
-1.165699600816924594e-05
1.579872502726925682e-05
7.576367403656495873e-06
7.285953331176484824e-06
-1.041036068941813221e-05
-6.565063568293057330e-06
1.310284164283137407e-06
1.774333407288001212e-06
8.579003727837773195e-06
-4.094459952004270663e-06
-3.448900062207151793e-06
9.017097988228320627e-06
-5.192004919966588432e-06
-2.231323450061940415e-06
-4.954596129453245427e-06
-5.736838023039123009e-06
4.345457051448879497e-06
9.239315543241852414e-06
-2.019824328665293419e-06
-2.438912070702066234e-06
4.721475372604379657e-06
-1.503388370016524927e-05
9.895132529908582677e-06
3.095449905469443573e-06
-1.014053695209167431e-05
8.827596900313873312e-06
-1.806445396107777602e-05
2.496994595289028947e-05
-1.106400485796110077e-05
7.819227511253627058e-06
-2.911145781860792058e-06
-1.255878381957267453e-06
-4.814692163897635847e-06
3.780750297809529599e-06
1.369793965678752087e-06
-8.049110863491854096e-07
7.605216316836531373e-06
-1.100201376898619775e-05
-6.297191802340066094e-06
8.740897683426546090e-06
-1.295356561430821914e-06
9.546944573197200951e-06
-7.673323385001032846e-06
-2.569277835835574573e-06
-5.956068066419884841e-06
1.033318740491095012e-06
4.085669402585824376e-06
2.247704722807118710e-06
-2.215234060688952752e-06
-1.228562522992602098e-06
-4.445848040076490093e-06
6.821387447451468053e-06
-1.871472810928005106e-06
3.220982562986509426e-06
6.058488063683633619e-06
-8.761270131731290601e-06
2.721341800014529692e-06
-8.093736013089369800e-06
7.435021224787272107e-06
9.642771043751028029e-07
-2.049597443658929941e-05
1.385978110384236708e-05
-3.172168074596726993e-06
2.749607946706293730e-05
-2.256885348970723797e-05
-3.614695250824528780e-07
-1.904968911463695609e-05
2.220402410392612657e-05
9.056027533652477970e-07
7.673363507980859871e-06
-9.667388276931305319e-06
4.388869923526540962e-08
2.332953437174907979e-06
-1.755520050542214650e-06
9.960465529728670649e-07
-1.262994849106763962e-05
1.040636685350065825e-05
4.590649857946853715e-06
1.093405584984620570e-05
-1.472533329491483215e-05
-1.261189290216698427e-05
1.034738200428550322e-05
2.313569101912913692e-06
1.125892726983830388e-05
-1.005478255160825497e-05
-8.288141171057892008e-07
-1.075330843885376298e-05
9.962848205012842700e-06
4.484807437001652147e-07
1.425239661408932376e-05
-1.957655554457690778e-05
5.983147025510323963e-06
-1.570835188269899358e-05
1.110287887990379365e-05
1.099761372469363081e-07
1.581765571089522980e-05
-5.400524441343985418e-06
-7.859960609407269395e-06
-1.509567872425810497e-05
1.096139627373870434e-05
9.734260565294755726e-07
7.610456506012724771e-06
-4.648537019245055287e-06
2.439506219118132199e-07
-7.275959845354441160e-06
1.069865398759828966e-05
-2.819593207374350126e-06
-5.684755185079623361e-06
-7.974982842378682278e-06
1.283596047826707838e-05
-3.401876578689419538e-06
2.367724162029084302e-05
-1.472216377761150574e-05
-1.605533239556826014e-06
8.347705073482273254e-06
-1.510794868933136662e-05
-9.572704485567140988e-06
-1.468257741273226131e-05
2.902669433379787448e-05
8.512350069275587304e-06
3.091724037716978906e-06
-1.536965001557754861e-05
7.092165411902861353e-06
-1.549845282765435414e-06
-2.920601168395730023e-07
2.914337419524674750e-06
-8.770711612845038109e-06
-5.240768969579873100e-07
2.709994131787862917e-06
-1.468093978303005052e-05
1.515452677026110959e-05
-4.226662933174692732e-06
1.223506281386383349e-05
-4.617247953586388431e-06
-3.451742179468893015e-06
-1.946102621747646728e-06
5.489544544078596537e-06
5.651842411619500034e-06
3.172768865351312381e-06
-8.745289041356425002e-06
9.147395277037393533e-07
-1.197023387638233356e-05
1.257643852265106273e-05
-1.015841396905828875e-05
2.187428069687439910e-05
-1.078533308696286539e-05
2.880176704280490045e-06
-1.457995911334966492e-05
1.072162510703178035e-05
4.054671358528547692e-06
-2.612431962766249163e-06
5.340206593912732861e-07
-1.470032145748574619e-06
1.677565814629203723e-06
-5.413938593073787240e-06
6.549078520832571251e-06
8.869803329195061399e-06
-8.797734534824936162e-06
-2.437214714171922223e-05
1.964669339900998457e-05
2.527952195361443884e-06
2.522608485817024991e-05
-3.319887170983122019e-05
6.389647147061759520e-06
-6.519875108615878453e-06
2.042138054109973334e-06
4.089964336870887966e-06
-1.873814929142913948e-06
-6.664696337103254649e-06
6.077623272561721526e-06
3.120308111258487241e-06
6.642990224546386094e-06
-8.558958445442282968e-06
-2.357575978163412971e-06
-1.714518398885217499e-06
4.042111389647261429e-06
6.480912058594559084e-06
-3.290489109176499084e-06
-2.355624821687900111e-06
-6.470562634621908655e-06
1.121758821614708346e-06
5.934720950276511456e-06
8.608389587614308160e-06
-5.383009531004070752e-06
-2.244385466990718176e-06
-1.031076106108311142e-05
1.128258405057510799e-05
-3.421437334067617033e-06
9.059637797777242768e-06
-2.126137585734756328e-07
-4.625718304748305262e-06
-9.775730228102812245e-06
-1.097305596973538878e-05
1.869579529945122017e-05
7.614183324703975805e-06
-1.544869177941494612e-06
-4.003341748508038180e-06
1.917818118600936371e-06
1.326887128396927318e-06
-4.209534641673419862e-06
-7.799330854229736008e-06
2.968143825192512437e-06
1.565878943947109857e-07
7.503137079434597925e-06
-4.868450649110572608e-06
-6.341053643317692227e-07
4.449862328976817967e-06
-3.560114674494345887e-06
-5.104865138925392378e-06
-5.980380418760901834e-06
6.596731272769910411e-06
4.191364374670424834e-06
1.909736287018558035e-05
-1.084093832337244974e-05
-7.379220989175633359e-06
-6.310219572047805279e-06
1.992806387678233877e-06
3.892775858272789195e-06
-8.947228636804744592e-06
1.265548210716315273e-05
-4.937283566966543402e-06
-6.543744666753644761e-06
1.315807771848705847e-05
-5.513524942807958339e-06
-5.727067593390609509e-06
1.104369117419072915e-05
-5.694644484361288011e-06
6.875814480790330336e-06
-1.704714912345147980e-05
7.623842513516349714e-06
6.891453648935932863e-06
-2.395424233373013082e-06
-5.880235773185341083e-06
-1.573366102702239555e-05
8.675632359418655946e-06
8.546867409059538058e-06
7.819744565865746920e-06
3.628337629144001185e-06
-1.201735709879286809e-05
1.194882413010434422e-06
-1.824335928521854139e-05
1.718882211491746547e-05
1.919736935478150034e-05
-4.279072794439656288e-06
-1.525669703008868477e-05
-1.384167874276803287e-05
1.421924544183175262e-05
-4.442858127145684263e-06
-4.502127698161844228e-07
2.839491640164795174e-06
4.459099008346659252e-06
-1.536583899727264151e-06
-2.107340251326612232e-05
1.897322402244112712e-05
2.103527990707891728e-05
-1.029499031544775117e-05
-1.002674863117045096e-05
-2.260513260127329580e-05
1.869373731751752189e-05
3.888047284589842277e-06
6.437912189141414560e-06
3.150152020511378298e-06
-7.636453878436302698e-06
-2.802686298497965935e-06
1.948031931354705256e-05
-1.494019229359507496e-05
6.235570405249460697e-06
-2.359479112820105749e-05
1.737123281339178168e-05
-9.277119430122763075e-06
3.025554235235131342e-05
-2.429012621112673737e-05
5.836955899765493728e-07
-2.696216256966316584e-05
2.829828893770595089e-05
3.596481108097823700e-06
1.826408291762190593e-05
-2.331629345403445734e-05
-5.104641008688047303e-06
-1.332018200086906840e-05
1.565363081909657152e-05
6.202395232767376878e-06
6.891267891173358083e-06
-9.870352315121116716e-06
-1.518617944849114142e-06
-9.283705511688592816e-06
9.294649067523094648e-06
-6.509447984002217835e-06
2.665372365424600708e-05
-2.097926248512790219e-05
5.820308112584722709e-06
-1.462186738736942336e-05
7.213666257272504008e-06
-6.567101491217743151e-06
1.408567264978967175e-05
-4.778210545812464554e-06
1.125515270292868099e-05
-1.684387649444697618e-05
8.989385457399222656e-06
-3.013045444181907407e-06
-5.354376125567964005e-06
9.475831515220793590e-06
-4.237664913624243149e-06
1.251514285107659417e-06
1.947514361451329956e-06
4.811785100675479959e-06
-5.697377184297131643e-06
-5.994508226521438497e-07
-1.904184470924700394e-05
2.777953411682405150e-05
-9.551252036130861091e-06
4.602966647325702429e-06
-2.545273899813780259e-05
2.360672617862359196e-05
7.050335812056347982e-06
3.520018916259248597e-06
-1.297137528857517449e-05
6.013572957353240222e-06
-2.565274191407826780e-06
-4.718003447554546421e-06
5.475275387862066603e-06
-2.291579429834094718e-05
2.058751555536037739e-05
2.348807072647291242e-06
6.089642921805131341e-06
-9.091577694663829137e-06
-1.150458526230070690e-05
5.582276991122575805e-06
6.712907948945343995e-06
2.125685954976564096e-05
-1.003804214988831201e-05
-1.359988400691001473e-05
-1.194477394533463837e-05
3.280387809840682001e-06
9.439620850247347429e-06
2.999133749486236865e-06
2.828484943401140633e-06
-4.974479446880200807e-06
-1.600188694643387815e-05
-8.289205017882710894e-06
2.201098113111617490e-05
3.440369568495451445e-06
1.391273859187398609e-05
-9.345341071692034101e-06
-2.456245741857511271e-06
-7.298273698086525427e-06
2.648439487766292611e-06
1.541551537071616265e-06
1.871280093608568650e-05
-2.184288344334958817e-05
3.914197919322686848e-07
-1.809941716678684670e-05
2.235233066682177646e-05
-9.796862530097625191e-06
4.140710268619898597e-05
-3.282581407816550649e-05
6.582792462860456590e-06
-2.136829516792908246e-05
1.218488329338578483e-05
-3.449438865797328857e-06
1.043901383502935713e-05
-5.984044184021635748e-06
-1.333173457167405180e-05
8.757874197625771778e-06
2.587651455233303788e-06
1.781208021256908152e-05
-3.170881435033514651e-05
1.779581401362635614e-05
-1.232391046498134158e-05
2.780452793179486517e-05
-1.607992728098433429e-05
7.740247379708620190e-06
-1.356367025100160007e-05
5.397355856886393874e-06
-2.721563785480343218e-06
-4.463491020975152347e-06
9.274263108876328306e-06
8.066036705194639696e-06
-1.226683138829925076e-06
-7.281075569032718601e-06
-8.097143756093469090e-06
1.669716235083337877e-05
-9.477873080947846063e-06
5.843935750374720122e-06
-8.724126211085866630e-06
1.697428312646289783e-06
-9.309839611110805471e-06
3.289957399682924544e-06
9.676497491176899360e-06
6.409912376401721712e-06
-3.329407684523989162e-07
-8.540649992829839972e-06
-5.035232643687640427e-06
4.633034426386259402e-06
-9.313983594085212031e-07
5.475909195746009824e-06
-1.369529550452049982e-05
7.054950948090204507e-06
1.093704004625945409e-06
9.069256694455765097e-06
-8.920993341565387817e-06
-1.873520222321771533e-06
-1.514656772386045321e-05
2.065514211582003909e-05
1.061477252864283435e-05
1.227215867481981504e-05
-2.799017785091485744e-05
-1.367052672357798000e-06
-9.215813697515792195e-06
1.263848909122640144e-05
-1.991647396478655884e-06
1.292993383626622160e-05
-8.638640253505832809e-06
-5.289355154367543981e-06
-5.561517415454331737e-06
1.229363790583249202e-05
-8.330542053443485366e-06
1.695343896353183945e-05
-1.281682086884111530e-05
-3.146865789449415974e-06
-2.659821850748537195e-06
7.134197193304623230e-06
1.197091097459844680e-05
-1.302891572800316894e-05
2.179516807684984251e-06
-2.689700322213175616e-05
1.443308382079931291e-05
1.135085397901659090e-05
1.721489510409655429e-05
-1.690464190717594185e-05
2.001284412995916353e-06
-7.148435196073731057e-06
2.809150494813262932e-05
-2.479536119928080093e-05
1.798896281415217460e-05
-1.997603885503140191e-05
8.275994185283588769e-06
4.603406704928054627e-06
-3.284131913815360677e-05
1.944940094104095701e-05
-4.234326809101402977e-06
4.227537723875614034e-05
-3.154136832135899613e-05
-6.767722829048436871e-06
-1.085526799021946305e-05
1.788702177725823633e-05
4.969260027552787209e-06
-2.071035058679270686e-05
1.141726166936900452e-05
7.113863253423882588e-06
-2.368882656948139955e-06
-2.818387000405296209e-06
-2.106540438809408183e-05
3.364348848913452822e-05
-1.300124890137738830e-05
9.763737512041849277e-06
-2.845264101101420466e-05
2.235299946702499338e-05
1.711343382141653787e-05
1.110745538972549877e-05
-3.061871120025379690e-05
-7.848821618839810715e-06
-3.260244025952025040e-05
3.833795998943796853e-05
1.281260610186986721e-06
2.143539520346834343e-05
-2.107045964555942391e-05
-5.059465705505788796e-07
-1.000580811741501279e-05
1.064818156482100575e-05
8.086375039862232922e-08
1.099700850557960236e-06
-3.102848475273693228e-06
-3.938826882957177921e-06
-2.091075749478623117e-05
2.678027628064699213e-05
-2.327995961102291987e-06
2.386643396010767763e-05
-2.414220228063569280e-05
3.373350732233323454e-06
-2.828610536019521152e-05
2.892289164517285885e-05
9.018214544570266346e-06
3.919865611885094104e-05
-4.984607647586696347e-05
-7.490760176144167429e-06
-4.625137633565211637e-05
5.050763965108344612e-05
8.863185970658075822e-06
1.557495509537337828e-06
-8.184456330104286626e-06
-2.246795509569640605e-05
5.715882148154532164e-05
-3.435159675772439601e-05
8.184106416004397481e-06
-2.419280108911054869e-05
1.482920447650699832e-05
-8.912662915540731079e-08
1.633900116547005126e-05
-1.951095658851688885e-05
-4.479392811924556066e-06
-2.305890743115302069e-05
3.284622138045138208e-05
-1.180085934273526532e-05
4.806525021587571000e-05
-4.090230536581577277e-05
7.099715691100338076e-06
-3.126475182847073372e-05
2.405916835495107501e-05
-1.056255591735995296e-06
7.914790293622263708e-06
-6.670428512815196152e-06
1.862882200857828257e-05
-1.766979366891983724e-05
2.097508085806131667e-06
-1.415081572024406911e-06
-3.072632008143326535e-06
5.495527244384227153e-06
-1.205801275275589315e-05
1.843559486715511995e-05
-5.863086743185590541e-06
3.864333971206596172e-05
-3.426836610269748553e-05
-5.256841429996057856e-06
-3.187518927446060215e-05
2.444625426873452216e-05
9.313299991851112168e-06
2.575540313340646503e-05
-5.907868227679837126e-05
3.613007363010882695e-05
-4.327221545931926529e-05
8.918449953307818325e-05
-4.996106477426297114e-05
1.809316389511526069e-05
-1.670108673579094149e-05
-1.486420547111548274e-06
1.194647549414077109e-06
-2.679782552704456860e-05
2.811650207833716082e-05
2.127539998610118676e-06
-1.149507290361922844e-05
6.012782847579156644e-06
1.004908023394595690e-05
2.510371845375887102e-05
-3.133203723054635466e-05
-6.100523915136813513e-06
-2.109537547445078018e-05
2.704900579989421701e-05
1.419650390205695313e-05
-1.762259828371749140e-05
1.731157806275748274e-06
-9.489866458453051306e-06
1.235011313586287292e-05
-6.410515458787435531e-06
-3.561152204531539158e-06
9.993164183290453186e-06
-1.962355046599506871e-06
-7.024519373079919372e-06
2.197258129234103645e-05
-1.530331527535491455e-05
4.697448474512597648e-06
7.705879654022591515e-06
-1.202529224573590605e-05
8.575873721686392502e-06
-6.373209492750988247e-05
5.392023614606209479e-05
-1.074704661111338507e-05
7.215716127058230422e-05
-6.147745941993123728e-05
5.582660993964327732e-06
1.878078080918428301e-05
-2.148605113835570004e-05
-6.940097677603586140e-07
-5.995382347118228855e-05
5.945156317759368864e-05
3.667567935026566856e-06
4.154436448657551823e-05
-4.657667244029227373e-05
-1.666387827286053188e-05
-2.491726288753829538e-05
4.011142950765702968e-05
1.560323921664383135e-05
2.037316339372695047e-05
-3.053050200502600278e-05
-1.731684789335018453e-05
2.418665918757625715e-06
1.160445310248773253e-05
3.424740543257984859e-05
-4.245297396124249350e-05
7.115849013970403656e-06
-1.512992413601690770e-05
1.041892416274059106e-05
7.755266254638470437e-06
4.192647856895469948e-06
-2.062991488006010230e-05
1.701280035141082632e-05
-2.188301779873963164e-06
2.356431280892023580e-05
-2.378783633366877645e-05
1.644746884251198051e-05
-1.081003735414614328e-05
-5.641960173983205130e-07
-1.799582155820745043e-05
-9.703076365849599489e-06
2.111222360281692000e-05
1.205088735623302425e-05
1.136108125085098596e-06
-1.087282035117024783e-05
-1.198111722896903425e-05
1.930777632953712734e-05
-6.319229043691836179e-06
-7.955963974821391257e-06
6.486830646599882160e-06
-2.805662292717756338e-06
5.355746737868075628e-06
3.376910192813222287e-06
-9.371693125751224136e-06
-2.257672625242630927e-05
8.723435096390104020e-06
1.399327282380810725e-05
1.630881520527376912e-05
4.525159523572631667e-06
-2.117191543481052369e-05
-1.211902690952474583e-06
-2.328761129938418200e-05
2.027377163483101724e-05
1.522995864903243639e-05
1.492629918047114060e-05
-2.813655928862183379e-05
-2.519168084874900891e-05
1.856877509708155548e-06
2.392661645332129234e-05
2.127044825754420651e-05
-9.197650856766873638e-06
-1.446636944331402508e-05
-1.871112096911644885e-05
9.488159023306087390e-06
1.580529633104027094e-05
6.425733551493423371e-06
8.900360212094430231e-06
-2.349108673285542451e-05
-6.613789955288807088e-06
-1.927633929933448816e-05
2.620248243187887013e-05
1.182099916506529293e-05
2.599513026331699671e-05
-3.171287202843860533e-05
-3.975760547090634477e-06
-4.151746184730306622e-05
4.336130069311840173e-05
-1.900195448271022207e-06
3.954093488262260100e-05
-3.902828968113373516e-05
-8.118273986153378319e-06
-1.429105596203833711e-05
1.970544648061805653e-05
1.155539121425381600e-05
-4.619534090739151635e-05
3.814077558182468589e-05
-1.366931506261718075e-05
7.008562244317780119e-05
-5.917065413300583642e-05
5.477413282643722134e-06
-2.119216306442397302e-05
2.009514195000213369e-05
-5.574338816452994410e-06
-2.126824626838721397e-05
1.789767363621887019e-05
1.699054025589960512e-06
4.424004368941028786e-05
-3.685424826360520644e-05
3.540206142020640547e-06
-3.291103821691766470e-05
2.470267039834811044e-05
5.777846148799324752e-06
1.618373195738184535e-05
-1.826441226088450144e-05
-1.846299641740560354e-06
-2.068872229429069196e-05
1.737458997820654763e-05
9.593939553902650368e-06
3.010099927814273565e-06
-7.917852057665850140e-06
-2.907734784711639236e-05
3.760413029473897491e-05
-1.011888260768101949e-05
1.008577422183808790e-05
-9.831184646769267266e-06
1.361179212333992890e-06
2.686434191053656425e-06
3.526174773046586897e-06
-1.083382078989059952e-05
-1.361036931891229857e-06
-1.718393206456897339e-05
2.261376482434083134e-05
-6.541898193922115329e-06
2.385903138526487355e-06
-2.202639082848284002e-06
1.527581452509598026e-05
1.419714181243966308e-05
-2.161021626699843811e-05
-1.890649886548536064e-05
8.675980478859288817e-06
6.101260627062135729e-06
9.732756088188200734e-06
-2.281908101049469193e-05
1.778115726021987924e-05
7.630601409970282778e-06
9.807503401003183643e-06
-1.952939134853250093e-05
-2.388846299297191575e-05
8.044250413675380675e-06
1.887003082291500476e-05
2.756172340825192719e-05
-1.402027258643205512e-05
-1.635164378468335894e-05
-1.315951728287461972e-05
-1.179488399400688860e-05
2.734105484125436890e-05
-2.212920351796234100e-07
4.170800548405501084e-05
-3.914020477325963628e-05
-2.047451861169600451e-05
-1.606886594711027505e-05
3.329743294823379928e-05
3.811210928447411985e-05
-2.000579027176686543e-05
-1.579972908790473014e-05
-2.172749386241068042e-05
6.389764816727967707e-06
1.490057357416093474e-05
2.812769190959743377e-05
-1.604111328121740523e-05
-1.882988438250178000e-05
-5.733014673675178611e-06
-1.591460203018742807e-05
3.068285183831098451e-05
1.087842076785232304e-06
3.230775882105062598e-05
-3.184826911623574945e-05
-1.731583419047283838e-05
-9.279947534020252273e-06
1.618224625268518645e-05
1.071002534130076475e-05
1.308681833977141782e-05
-1.620431348892287948e-05
-4.548763287458796125e-07
4.556813721147661821e-06
-4.749238169268888131e-06
1.723536039597633400e-05
-8.730343513269173366e-06
-4.696607068682319633e-06
-2.478956915128100510e-05
3.856096282853550442e-05
-1.670540779851591664e-05
2.625103902147974918e-05
-9.552106342257874860e-05
6.785928925670283416e-05
-7.964067983283614708e-06
3.143542985578012090e-05
-2.078460679080529485e-05
3.827532901690832459e-06
-9.788731343407907205e-06
5.779590871989614986e-06
3.037610154169230966e-06
-2.494336952937736485e-05
1.976899850928543183e-05
-1.391887579892697627e-05
2.595179497110506760e-05
-1.137226103856618886e-05
9.428440896164092650e-06
-1.128071357237353978e-05
9.302442094197282962e-07
-8.023402449129334317e-06
-4.617020013802897952e-06
1.291130092653423270e-05
-4.715015111051937556e-06
1.727164851656810178e-05
-1.321834674349031940e-05
1.119264840337166845e-05
-1.489551134591372399e-05
3.395564568234695412e-06
4.034319518025050505e-07
2.398943007193355455e-06
-3.097356151688220255e-06
-1.143387698550186169e-05
1.060661006736300063e-05
5.291164835986840681e-06
1.013479327032295278e-05
1.409884234846322824e-05
-2.818237701050506201e-05
9.100833977200303043e-06
-4.012864896632004015e-05
3.474291424105267545e-05
-1.942092764366021757e-05
-1.809720140984768564e-06
1.736104965786403493e-05
2.470877957617683093e-05
-4.354200485766596712e-06
-1.747714218039213987e-05
-1.267578037382244326e-05
1.972982999595911493e-05
-1.163223563499418933e-05
-6.140536532916549655e-06
-8.764827860077622286e-06
1.778908649291569618e-05
2.155815347740073660e-05
-2.217604515976432777e-05
-2.329879875270188553e-06
-2.473624915940023295e-05
3.186294558209242471e-05
-4.275848480684430039e-06
1.251066575837092506e-05
-5.362395513078936513e-06
-1.048967728498668400e-05
-6.359106993473391555e-06
1.205498247702662103e-05
-7.924669938221877443e-06
2.859643657615610143e-05
-5.077845088066062790e-05
2.467558625913505256e-05
-2.564772991055909126e-05
3.522072083232786013e-06
1.996738973980278540e-05
8.577173615353545112e-06
5.003391844826115008e-05
-5.756574702683640800e-05
-3.249704124650183040e-05
1.852417005533256878e-05
1.944250080543954577e-05
7.394019757964891067e-06
4.922066789629435663e-06
-1.671236646895993332e-05
-2.986867182180047087e-05
2.365758551161507714e-05
3.199873506513629647e-06
4.352877449753355115e-05
-3.217396752769082337e-05
-5.315616953842895575e-06
-1.727412331879797747e-05
-3.528782114457880892e-05
4.958304409715981188e-05
-9.275351533738718192e-07
3.019077042297614821e-05
-2.937912879793907475e-05
-1.487719665146103524e-05
-5.209366161348832403e-05
6.267552616920138149e-05
2.480942233986553960e-05
8.255269235369487493e-05
-1.012761340312472527e-04
-2.496813373272378355e-05
-3.023519432451566091e-05
5.095673324005031951e-05
9.031799229048585948e-06
1.822595339831871669e-05
-2.692037918446879343e-05
-3.016081629162908125e-06
3.631481456210828055e-05
-3.296037910101461458e-05
-1.651854919811587862e-06
1.249446360937841197e-05
-9.376653100897859225e-06
-9.700470255840688578e-08
-1.747330874157432593e-05
2.025717270246290527e-05
4.840137002599844817e-06
-8.527744115838697871e-06
2.512943865278177789e-06
6.086518484340784022e-06
4.299720426237363911e-06
-9.423354728171256037e-06
2.095866133410164258e-07
-6.495698033335151750e-06
3.041209082683526271e-06
-8.630513605163380700e-06
1.205310216680400312e-05
-2.213763556513793484e-07
-2.352539616117566113e-06
4.391268348950041209e-06
-6.956847906791808903e-06
1.008716353913003284e-05
8.911412121276947752e-06
-1.127004046413518637e-05
-1.003722654458240879e-05
-3.926530410351884677e-05
4.027740850233624042e-05
-3.142169587655206311e-07
2.470464369850354635e-05
-2.018649132481205901e-05
8.553219026419221907e-06
2.794086161037252666e-06
-1.388628407649929181e-05
-1.051663737887620570e-05
-5.338341861197816403e-06
1.864621051227937211e-05
4.739920642675176158e-06
-8.462242736824050478e-06
1.862400863418248360e-06
7.334172775027918248e-06
4.679631805666405837e-06
-1.206499611327259414e-05
-4.214097191487660942e-05
5.363728518461901781e-05
-1.002385545300904371e-05
6.130958742232248690e-05
-6.274918767823751237e-05
-2.165970589410462033e-06
-3.442103121794735010e-05
2.514634448008485121e-05
1.100140336928853084e-05
6.013537138086787778e-06
-2.854525013130917438e-05
2.442249748403284130e-05
-3.526540948615544858e-05
6.608003480131942331e-05
-2.952286602115048234e-05
3.474595032809385390e-05
2.604861238296489944e-06
-3.770503538351578459e-05
-3.951313915322337400e-05
8.732384408697758433e-06
3.324202331352968669e-05
8.176254469117067445e-06
-1.340857192462602008e-05
-2.039390864477291429e-06
4.544658954125736973e-05
-5.646852329275607352e-05
1.441081667827171196e-05
-3.687586955596734657e-05
3.304649966701085308e-05
6.411977585953800691e-06
3.117176661476558192e-05
-4.309966317555177502e-06
-2.964074554843327967e-05
9.458484615976640782e-06
-7.052017602714446220e-05
5.910403549147887807e-05
-1.109049764859288399e-05
9.078429607425653235e-05
-7.865922039936930788e-05
1.949112108221441841e-05
-3.252269779265361970e-05
1.577228948065116475e-05
-4.487508189573806140e-05
2.734085545121934819e-06
3.594508813313515767e-05
2.377259006591448038e-05
3.161801955318831365e-05
-4.738656680281664658e-05
-4.835664880129655126e-06
-2.750751873017339148e-05
3.146318288174966798e-05
6.205705857225654772e-06
-6.984602817931223151e-05
6.299293821518294877e-05
-9.965814642130510742e-06
4.997463002220617790e-05
-4.249278148739458463e-05
3.811655662520568410e-06
7.725698819231415805e-06
-1.552365048966856606e-05
3.057489354599317397e-07
-2.092348570887584552e-05
2.804431094514589756e-05
8.812858158448622515e-07
1.082073212535332452e-05
-1.408097654368670876e-05
-9.684362379182566926e-06
2.008502472839964782e-05
-9.023645226352529011e-06
1.460731072945149159e-05
-1.967359762958812352e-05
-1.086975477088613848e-06
1.162763804541153785e-06
-1.269671164555089384e-05
2.054783347173449190e-05
-6.224527770092196165e-06
9.253268176113681729e-06
-1.273422483680511569e-05
1.316788244873180812e-06
-5.508304678154723783e-06
1.286377292716356897e-05
5.003627898532356843e-06
2.311038085705280506e-05
-3.205480003284057541e-05
4.778193688434762766e-06
-4.990913988295990353e-05
4.680122690322186668e-05
-6.632036523241845502e-06
3.536511201879759649e-05
-3.212613661888218591e-05
1.053647352970184118e-07
5.894183054589561166e-06
-2.748947988097792563e-06
-7.345037506702921598e-06
-2.274663571768441523e-06
1.082843177261985364e-05
7.108480762698588993e-05
-8.973869763406836647e-05
1.605423911324384582e-05
-9.765070847399519739e-05
1.218429141717548327e-04
-1.802599560828837240e-05
5.451429888412069347e-05
-6.748717764734521148e-05
1.119265018286277370e-05
-1.132463111280373617e-05
1.680505066757782907e-05
-6.846602116362040798e-06
1.509390046822044459e-05
5.373378770434400790e-07
-1.668210026684760028e-05
-2.706079582965352167e-05
-2.126844276611768831e-05
4.914265427767959283e-05
3.385322156132548204e-05
-1.345448502028533488e-05
-2.183905621880562070e-05
1.128741761792584553e-05
-1.890310514248385627e-05
9.771904806587918213e-06
-4.173619453913813676e-05
6.712297072857228487e-05
-2.637858437318514712e-05
4.958504132794558958e-05
-6.674608510945191707e-05
1.508553273690378752e-05
-3.638413470106677066e-05
-1.732844753524404643e-07
3.903969667025915052e-05
-1.054343697972995873e-05
9.760331787087435070e-05
-8.807706113664339983e-05
2.124355586338557350e-06
-8.218770651211296447e-05
8.473791979581394836e-05
-1.394599164323572613e-05
5.758617537792863790e-05
-4.806344093218773160e-05
4.580141402714162910e-05
-8.516575303264896130e-05
4.332457755447282808e-05
-1.315073900692966734e-05
1.724610165023383423e-05
-1.199707843637812737e-05
-7.831689141954903665e-06
2.391956284270350423e-05
-9.179962157480415949e-06
5.164693109781262707e-06
2.043573546399964145e-05
-3.266299572263583377e-05
9.092234234533835152e-06
-2.724016884803623709e-05
2.716999918197492158e-05
-9.440963801134134642e-06
4.847879314219354346e-07
2.582914843784572768e-06
-3.737840432040362123e-06
3.113587374562457781e-05
-2.730423648068141303e-05
3.406191421473209993e-07
-2.946594369488829586e-05
2.894027660716445068e-05
2.517906260795232129e-06
4.158685646317048998e-06
-3.469196950247970500e-06
-3.822402188468704753e-06
9.245899777258624781e-06
-2.529040847669108060e-06
-3.810537081619894630e-06
-6.828198191345411579e-06
3.425088241897853705e-06
2.124379109031119850e-06
1.248700371535186603e-05
-9.843343565838966452e-06
-8.315641261015551647e-06
7.533326296505051054e-06
-1.196850372254761570e-06
1.119477478098255350e-05
-3.384797686476999964e-05
2.234817069177251464e-05
-1.662250437955773688e-05
6.191757698682177533e-05
-4.360157567920758980e-05
9.241103542064443811e-06
-2.719944975455946003e-05
1.838464632523524004e-05
6.227223612736539153e-06
-3.556426904242592489e-05
2.677233100485097050e-05
-4.160812917779829558e-06
2.845468394745864798e-05
-2.462521826486347419e-05
-3.368019589024002624e-05
