5.134065531169697237e-07
8.939722227078181552e-06
-6.151987424568750270e-06
-5.073208047919880375e-06
-3.080646096431767548e-06
6.769071988831148269e-06
9.328220275238471821e-06
-8.758281236525768362e-07
-1.330410163255988646e-05
-1.728903040081923516e-05
-1.780994826173812059e-06
1.751729846911607595e-05
5.795082653410972204e-06
2.059323564831288568e-06
-1.485433069996443245e-05
1.100480987090251835e-05
-1.223741149719945553e-05
7.859304665742845732e-07
-4.480005582948038675e-06
1.573640162685722909e-05
-8.426845362550094913e-06
1.153734792087122234e-05
-1.540550807560351341e-05
7.503572431089376462e-06
-5.910918079734237446e-06
1.431808440897791092e-05
-7.574348961089558165e-06
5.029832925870472471e-06
-1.438213499641595778e-05
3.530292085607176810e-06
9.828280887047905861e-06
-8.969912572347328139e-06
-2.436484368258697765e-06
-1.160051821296844976e-05
4.382002974232533969e-06
4.108486808872520308e-06
5.151792321799871793e-06
1.238779896083053088e-06
-1.002858525652815965e-05
-1.093635314621402499e-05
1.553260408513673700e-05
-1.181199688557873206e-06
1.690391560865532475e-05
-2.273028249683579696e-05
7.546492426258437301e-06
-1.386829673088524139e-05
1.511449689612173690e-05
6.630401192441231489e-08
8.541375471989269829e-06
-1.093202074232662328e-05
4.270112934419300481e-06
-1.281534577409934867e-05
1.755872051719114136e-05
-1.973099621693733544e-06
2.478150568514116482e-07
-1.044152174947730552e-05
9.240114514855039715e-06
-4.404911461050914225e-06
1.009547314064310693e-05
-2.208247399930434331e-06
3.145019950547459957e-06
-6.392227666649746013e-06
3.368866413132919879e-06
-7.558530870396782095e-07
3.560805303824989056e-06
-2.719061793500003273e-07
-2.635312057742950388e-06
9.353528968501430318e-07
2.990690205052582909e-06
3.829381778895105343e-06
-7.539936294839986646e-06
4.848906002353608121e-06
4.502611867176736653e-06
-9.307303298742723084e-07
-2.797171032045049485e-06
-4.320681242197140480e-06
8.234971217089957462e-06
-3.089799617104068407e-06
4.188565580528922192e-07
-6.399839464875808476e-06
4.186520226563780003e-06
-4.008717109705404341e-06
4.779713936180049453e-06
-1.546124913960055900e-06
-5.282544310939496589e-06
8.072932512857288419e-06
-4.449633495262650293e-06
1.052216091216742062e-05
-1.161765225486919935e-05
1.193457877322249948e-06
2.469147152277207357e-06
-2.441686127786398122e-06
-2.476806661146452069e-07
2.191809736889468959e-06
-2.617510904246747144e-06
1.302521320648624019e-06
-1.487108284304341672e-05
-4.046808048366496252e-06
1.289655451704578253e-05
2.889086588297162930e-05
-1.013290572792401228e-06
-2.344783089112947717e-05
-2.065919910850809278e-05
-8.298320915907526750e-07
2.471866099031098086e-05
3.401308386353472945e-05
-1.391099380222345285e-07
-2.766608826076755954e-05
-1.830440763934536742e-05
2.082592109632536084e-06
1.995279437033635711e-05
-6.353366474674816916e-06
8.131110048950791080e-06
1.285931385803428190e-06
-1.139463892547500315e-05
-4.426981343519150631e-06
1.336251799325261732e-05
5.347114968654425381e-06
1.110164332883514419e-06
-1.065519247621357881e-05
-1.736468102276240581e-05
2.107201675123691120e-06
1.808068451882092180e-05
1.251282728786513178e-05
4.715066405674133164e-06
-9.375956181224629610e-06
-1.820503447117778330e-05
1.391476582165626562e-05
-1.030557164471644006e-06
1.989299900650575315e-05
-1.090372700298861430e-05
-3.394583125732205092e-06
-4.054671821716435361e-06
-8.258599971532389015e-07
8.733994380861256416e-06
2.468433584566010933e-06
-1.618169495553556541e-05
5.775009486722087623e-06
-1.230408816222631165e-05
2.213334614094158935e-05
-1.161109766891187766e-05
1.459835901902448556e-05
-1.799011812392686466e-05
-4.816091266015645349e-07
-1.026647906731189560e-05
1.655085640044019331e-05
-1.185602948784231116e-05
1.092666020283672559e-05
-1.671032032609047599e-05
1.124696485616255711e-06
2.048828317130174621e-05
-1.769756899172114568e-06
-1.457882931126954896e-05
-1.042663111833665987e-05
-2.282835076972906442e-07
6.785836128959631662e-06
8.079902079791312526e-06
-5.776877606756535089e-06
-2.325926069412728719e-06
-1.034671820564036649e-05
9.800237030016432929e-06
-2.314810589301197325e-06
7.871208826861298419e-06
-6.613895770427052849e-06
-3.118084247620058167e-06
2.803835331010134428e-06
9.173351023071124531e-06
-1.332138479802926093e-05
-1.880684795004342204e-05
3.296715856985573708e-06
1.537632928165749268e-05
1.207783835231152856e-05
-1.415475283502909526e-05
1.836211936212280417e-06
-3.189077699940327893e-06
9.155986474719615415e-06
-2.246725964849590748e-06
-3.190741635671314425e-06
2.304944562811067316e-06
5.493408485581825202e-06
9.209510563928347232e-06
-1.320151161622574819e-05
6.839945135703057121e-06
-1.833632912430960184e-05
2.347758677915051597e-05
-3.391534913667068480e-06
-1.989471875278815200e-06
3.071760243570197864e-06
-1.580168537708000358e-06
-1.276366554089895206e-05
1.358201088281660670e-05
-1.699632794800003935e-06
8.509226413003672504e-06
7.721395432054889259e-06
-9.692622938951100418e-06
-2.501361517786879915e-05
-5.448499717496240331e-06
1.770112876660958354e-05
1.512950126905817168e-05
4.566450293315945223e-06
-1.328374543969508175e-05
-2.039593895993244374e-05
-8.107643978349535096e-06
2.067443878461354818e-05
1.416443967557416922e-05
2.050179984736048444e-06
-1.281112797943536138e-05
-3.554115510775185207e-06
-5.198184976969822419e-06
2.300761929690438922e-06
2.310378765553676011e-05
-6.652774962793149457e-06
-1.247405659818683009e-05
-2.147032901670609459e-05
1.171465489507972974e-05
9.820856751402309934e-06
1.974961977259297465e-05
-7.308421689678755868e-06
-1.313802172756576970e-05
-1.497666640819448662e-05
2.186948169193151365e-06
6.272192869413530936e-06
2.360130067040882107e-05
-1.586635207696669546e-05
2.504015504980239461e-06
-2.570995427079404493e-05
1.468567526702892789e-05
3.980325642629026447e-06
9.972561323939900388e-06
-5.514067716006103357e-07
-9.816280732004585333e-06
-3.744465522295351045e-06
6.903576377982444321e-06
7.597697912523015908e-06
3.160908082373284856e-06
-3.003077712251769248e-06
-2.665970245358468504e-06
-6.010914820499140731e-06
1.601219754774521310e-06
6.631568999811889602e-06
6.473458577551509000e-06
-3.730988814793588363e-06
5.206157004221185407e-06
-1.898870877336470565e-06
-1.154029562350928467e-06
4.773089532948180351e-06
-2.577796511720694447e-05
2.154618103655152336e-05
-7.220879886432591440e-06
1.739197895010464136e-05
-1.913782909723892931e-05
8.636938974044225685e-06
-1.291259403048933304e-05
1.392270660972724413e-05
-3.518681892405456713e-06
2.273446977196960487e-05
-2.082808740705342857e-05
4.926791853382911387e-07
-1.902207493103764740e-05
1.050776625115014599e-05
8.229568733033724539e-06
6.861269788792962547e-06
-6.323973056257141862e-07
-4.702111952133394557e-06
8.946322012498194307e-06
-1.275559623995408088e-05
2.023555858153841677e-06
-3.293956983347522005e-06
1.623911480708441712e-05
-1.270618250242691461e-05
-7.633044315949703021e-06
-4.794847618659213522e-06
8.301589781742871980e-06
1.502081880595656676e-05
-1.321203661161461369e-05
-7.842284784512765092e-06
-1.338701461588453626e-05
1.663289340787246843e-05
-4.645348143807572286e-06
1.671150177576517418e-05
-2.138284174028234051e-05
5.619432130682092992e-06
-1.606778194096057671e-06
7.766986002994089055e-07
1.510323082739819167e-07
1.156651127765738509e-05
-8.405209357281793851e-06
5.915251304990175901e-06
-5.507287030899245272e-06
-2.189077669690946507e-06
1.175436834019074546e-05
1.850398912218775621e-05
-2.599754954887496499e-06
-9.463911380355489057e-06
-1.469454302205745009e-05
5.927187518419099635e-06
-2.769067115238030363e-06
1.480328255954096114e-05
3.292342755867652264e-07
-5.946630364076202878e-06
-9.802901130096586594e-06
1.958221674120349623e-06
5.217165028172446148e-06
3.249804512621959411e-06
9.497380626011234762e-06
-8.397660978218557143e-06
-1.772387144061760348e-05
6.990385500135149551e-06
8.415185372944940006e-06
1.863830105865537496e-05
-1.391571675047377645e-05
-4.415690178303428034e-06
-5.735556967426847058e-06
5.033926655480964804e-06
-9.241917531191220803e-07
3.506808084348519466e-06
-3.580019990901720268e-06
5.551626314400052687e-06
-2.455517734742833277e-05
2.332616131141457722e-05
-7.395485533210782137e-06
2.507406710266341619e-05
-2.213866563875638473e-05
5.090916555509619760e-06
-1.989743063995635201e-05
1.613434536359155104e-05
-1.658888499977448289e-06
2.855591738652631304e-05
-2.792929001966772189e-05
-5.189429516414553753e-06
-1.890183869761607088e-05
1.713227954775784449e-05
4.643111225922094486e-06
7.544076425986163021e-06
-2.649061501694413039e-06
-7.158590946530547065e-06
-6.386476210260469050e-06
-2.161124167074095524e-06
5.329456477670371472e-06
5.268035923522487379e-06
3.170570001010863725e-06
-6.295390589817156784e-06
9.745935081579393228e-06
-1.516316857658073117e-05
1.270592502306190668e-05
-3.524927967256314112e-06
7.398377025440962130e-06
-9.595483758336041289e-06
8.908147129084235374e-06
-8.490695154759942580e-06
3.129599295361826378e-06
-2.042801908381482515e-05
1.543110421376844553e-05
2.793429996218737132e-06
1.863761188195861204e-05
-4.543626913015329292e-06
-1.302251223053500458e-05
-2.733791461083096545e-05
1.244912961753000050e-05
1.296090426312697424e-05
1.273730611446654061e-05
-3.913014663367133717e-08
-1.104576052879802123e-05
-3.463693778773024775e-06
-5.740619276688417323e-06
7.679925822325110529e-06
1.271687903900498907e-05
-3.129371812918670631e-06
-6.526891648307466519e-06
-1.476117631266577113e-05
1.692227482651575721e-05
1.666403878698447200e-06
2.145385526986989602e-05
-1.570450205176633112e-05
-7.016881530148142061e-06
-2.224111133319767536e-05
8.661088595702535261e-06
1.108566407027831291e-05
9.970213659635452963e-06
-5.086379350261634045e-06
-6.940498534993751607e-06
-2.392488527285421260e-06
-1.064644145153673593e-05
2.626134213942626181e-06
2.177665328873274128e-05
-9.259569285077861496e-06
-2.216354515425887080e-05
-2.310547651392655995e-05
1.123054913279504060e-06
2.832865008951501978e-05
-3.281207106884957758e-06
1.169779927372241603e-05
2.083089500355595059e-06
6.293854691924280728e-07
-6.553549657141596853e-06
-5.112838420877630763e-06
4.183234062219547687e-06
-9.646017650879732574e-07
-1.196316477388802139e-06
1.333895270113574460e-06
-1.656195328798272810e-05
1.291964350016868468e-05
6.332519857420379348e-06
2.470158890862195084e-06
-8.441148128334240522e-06
-7.698802063459305578e-06
5.507707448408402577e-06
4.450985475518407211e-06
8.011306577558129801e-07
3.655637158528470312e-06
-6.720877574993675170e-06
-4.139008160878107673e-06
-1.057346834405149707e-06
4.164763234990033030e-06
2.865129568517336470e-05
-2.570483727822966521e-05
2.175121134514852402e-06
-2.358679874738774443e-05
2.121691612123544681e-05
-4.040481424933797984e-06
2.169212878801015851e-05
-1.696708678664928026e-05
1.809036287778765886e-06
-3.747661900695318328e-05
2.823313965045710428e-05
9.677897735591987999e-06
2.574818633234079036e-05
-1.293220568550586312e-05
-1.206146635640023576e-05
-1.187268494404752561e-05
5.140842794922801730e-06
7.800597977650407884e-06
8.733850934212803084e-06
-7.713860389121670509e-06
2.714234950487050862e-07
-2.815478985488629465e-06
-3.864117298618090794e-06
6.068014448970815027e-06
-1.213646402576568138e-05
1.718068462469524106e-05
-5.898025014120935559e-06
4.305127111522571325e-07
2.789039062395443609e-06
-7.580109146925481325e-06
-1.012523705013131000e-05
8.279193907007678665e-06
1.036620937677446348e-06
1.219487216983372867e-05
-4.710766683158924789e-06
-7.319461568936772171e-06
-5.175379177584685447e-06
-8.460932009059677841e-06
1.452781677227762131e-05
2.609895420096733810e-05
-1.737828491874452401e-05
-6.959936653572116473e-06
-8.960323323318561897e-06
-1.725913230152450464e-06
1.015349052613249375e-05
4.158616417753100412e-06
2.306992399045464659e-06
-3.845033835986055249e-06
-1.202410018431443602e-05
2.901471016596250189e-06
6.440447718856986303e-06
8.702318280499716320e-06
-1.339162762482424445e-05
1.404623061141619436e-06
-1.990949044288954593e-05
1.386309033976976924e-05
8.398449852182248375e-06
2.402672507380353915e-05
-6.102283398766847856e-06
-1.650639487107582700e-05
-1.403133125518733765e-05
1.022383362271573484e-05
8.948097013257917296e-06
6.274282530281403143e-06
1.037234866332870618e-05
-1.281887169893396206e-05
-2.410871312110845637e-05
6.914031569187949682e-06
1.987663008562399325e-05
1.741559406095994478e-05
1.078068656237398466e-05
-3.277975126112766743e-05
1.375203303349788986e-05
-3.056822414973520011e-05
8.392494393788193802e-06
-6.306489643910244801e-06
2.272450796206029408e-05
-4.515926126783355917e-06
-2.533727784028737260e-06
-1.184343169949142806e-05
1.028957217261468840e-05
-2.696711398617642026e-06
2.261326624962632480e-05
-1.617589483646127710e-05
-3.121503995679011553e-06
-8.586780697795270195e-06
1.070837055126678430e-05
2.873879809818406249e-06
2.996959955647663374e-06
-7.298004212772997055e-06
-9.636477073183852027e-07
-5.962109766391384399e-06
6.739206057963606753e-06
4.720391955520796814e-06
-5.217128583017489979e-08
-2.693400638547600768e-06
-2.127440859262782401e-05
1.523719683943975374e-05
3.381265808524469866e-06
1.372431678015919172e-05
-1.037839632780416412e-05
-1.681071112256211494e-06
-7.364702680676160526e-06
3.086662488879869773e-06
7.677298456546653539e-06
1.717517461150182956e-05
-4.482204171261952599e-06
-2.032525288508671765e-05
-1.584075973856910140e-05
-5.889543866932999794e-07
1.486820176931768666e-05
1.085638295816025541e-05
2.836032848885272434e-06
-1.193511212401487964e-05
-7.746983001557462205e-06
3.218848345231081526e-06
5.285163340108456029e-06
6.465543391279863640e-06
-4.068948699877425193e-06
-1.995082378627843683e-06
2.505365666028443732e-06
2.087150142466745949e-06
-2.326947301290162218e-06
7.745197084649587860e-06
-1.894333336891708457e-05
1.343978721767057836e-05
1.453769138103088168e-06
1.737101707146526756e-06
-4.273428330836404896e-06
-1.913875925912416079e-06
-4.684354178464369723e-06
5.362368255636733556e-06
-6.620531698940593636e-06
1.461018390339269469e-05
-9.754110413324840417e-06
-7.304447761118322702e-06
5.607656705266532973e-06
-1.269668845297772162e-06
-8.248389787325298761e-06
9.646172493107629223e-06
-1.181323505778810427e-06
3.479617004596943886e-06
-5.172576357117858632e-06
-2.341621725551019163e-06
4.263396765986479702e-06
1.736373930904195064e-06
-1.314288884856398776e-06
3.915319985140481673e-06
3.586103457576606248e-06
-5.506502273867523324e-06
3.245899823864318787e-06
-6.794106487692307361e-06
2.764888845029206196e-06
-1.123109404133018171e-05
4.640743433274918726e-06
2.307955908485293453e-06
3.752067922909037810e-06
-3.502475513155934884e-06
-2.771873041920571102e-06
-5.313104934432756234e-06
-6.840234418154279725e-06
3.156921723680358388e-06
2.084433364472556177e-05
-4.068791028197972746e-06
-1.445207915714993899e-05
-1.849700693594810553e-05
-2.221125192758549040e-06
1.771219420008272774e-05
3.886099576453194067e-06
9.994281783266345122e-06
-7.615216365979177204e-06
-8.816302788641114296e-06
-1.146490495771394650e-05
1.062356622939039793e-05
9.868685855993308861e-06
9.825751028051848401e-06
-1.568543666949161509e-05
-5.502961265645134247e-06
-1.716999192241640146e-05
1.979817906029726905e-05
1.127453027206953455e-05
5.307238810545017156e-06
-1.230775245652600284e-05
-4.985410803286474232e-06
-6.350491351935017734e-06
1.267649906101273215e-05
-5.208862151154625691e-06
1.204113579275288865e-05
-8.031201375053545911e-06
2.402391139487971667e-06
-5.723414142217607813e-06
8.640292814486724266e-07
1.108563011766855981e-05
-2.522610518433809229e-06
-7.388308197331585486e-06
-7.083604632660985657e-06
1.231536028523968460e-06
1.055595336585308452e-05
-1.611496119738961444e-07
1.235173381819445029e-06
-9.388872674550316236e-06
6.745384795101014441e-07
-7.999525433246973269e-06
1.562757779495938405e-05
4.949882455977419504e-06
6.695097767568138578e-06
-1.470688370211964184e-05
-5.631477202556598360e-06
-3.726157132875806585e-06
1.043395440315386549e-05
6.752446044386105233e-06
-3.424815276506115051e-06
-5.691443172950794225e-06
-1.108470648520734737e-05
8.770067241486185231e-06
1.795807961238038493e-06
3.668980296966119464e-06
-1.752802734140851776e-06
-2.730477144048777708e-06
-9.698214566384988610e-06
1.065942892509457690e-05
-1.542448127328736908e-06
7.769557065219876742e-06
-7.538678229668222637e-06
2.581834311269885925e-06
-5.817546863079937940e-06
6.363275470380965647e-06
1.048719341555968261e-06
9.085370974508203071e-06
-1.035545065976181386e-05
2.553602987046416908e-06
-1.955858180727569651e-06
3.728490938805285994e-06
1.049806479957080091e-06
1.103664034707373364e-05
-9.522233074976441352e-06
-2.974273776791078166e-06
-7.099841986025099100e-06
9.184300317517936590e-06
3.790315376373514243e-06
-2.023608941405850460e-06
-4.341997714304970046e-07
-5.123466222232713645e-06
-8.477994307145201534e-06
-7.256191169654212381e-07
6.578331029195158070e-06
4.925413715499251576e-06
4.968366859261761028e-06
-1.137781549922083519e-05
5.477269648497446426e-06
-8.606164693233614660e-06
7.192451450936597390e-06
-1.734921137378625443e-06
1.590527878197601743e-06
9.015415336200810177e-07
3.979533242301739250e-06
4.959837713670697884e-06
-1.300394231346384179e-08
-1.292069909662771994e-05
1.014933400948640738e-06
1.207226288051646695e-05
4.743994256543181203e-06
8.490051562999606114e-06
-1.178083768732122279e-05
7.584562270829882136e-06
-1.924948944365645310e-05
5.624911045165552027e-06
2.197461853447081072e-06
1.485894080689004036e-05
-8.490637766287140420e-06
-8.017970147928018992e-06
-9.694359609828462815e-06
1.080826850835091816e-05
6.086553490860589648e-06
1.344208459075308579e-05
-1.577787725547160204e-05
-1.504257570280099579e-05
8.159448481073598871e-07
7.063474493067827770e-06
1.035318844255352718e-05
2.130553501548091486e-06
-8.829147020013020360e-06
3.861554357034724044e-06
-1.457066848904317627e-05
1.408194540719869347e-05
9.359129176948066884e-07
8.195954052654151416e-06
-7.533982280073881053e-06
-7.924133893274991038e-06
-2.352089276849641340e-06
1.327983413660076198e-05
2.794755730274205782e-06
6.084059179862048465e-06
-1.449788193775320176e-05
-7.661622071132222439e-07
-4.026156965031729163e-06
8.549940260152022944e-06
1.747076713563953146e-06
6.536111491826125054e-06
-1.042439975464770602e-05
-4.898952983078846312e-06
-1.428783676377648217e-06
3.957760445229758551e-06
2.703446441899778151e-06
-1.302763791473883687e-06
2.680622723955867955e-07
-2.283607062997345755e-06
5.247871078348674853e-06
-1.346049321745757438e-06
6.275206267264602549e-06
-9.602342118001273993e-06
2.810590603523278042e-06
-3.494445168598304583e-07
6.182953876913710221e-07
5.794676987165327524e-07
4.732673769495234383e-06
-5.764832028437035950e-06
1.223918528368027052e-06
-6.713070634979956275e-06
7.593126323622921656e-06
-3.402004309045950753e-06
4.705148943279330548e-06
-3.158030300720929533e-06
-1.985422988005367687e-06
-5.429677794403509129e-06
8.856051203141462891e-06
-5.189340602951014843e-06
-1.278255064516366267e-06
-9.120620875737281186e-06
1.036611208491544775e-05
-5.215556728132060305e-06
1.322167249483123275e-05
-5.172896250571287096e-06
5.682153373511504293e-06
-1.472249065408818402e-05
5.071870778225660770e-06
3.604769089311854008e-06
-3.388876570989371110e-06
4.496050642407177554e-06
6.152721618688294572e-06
1.996883880296103519e-06
-4.731284097699892456e-06
-6.112213392209732967e-06
-3.057489735733484034e-06
1.174562958000518297e-05
-3.834036351445746315e-06
9.457445106290624000e-06
-5.690483271944575533e-06
4.808276040558421394e-06
-5.715871084071433164e-06
-1.500552724105385836e-06
-1.716412491854893292e-06
-2.212585600688725946e-06
3.298328468827733907e-06
6.742849453293717759e-06
-5.231839156395879255e-06
-4.186189338107026755e-06
-1.155271855068041998e-06
6.237370801189149287e-06
-7.927113159608230504e-07
-3.512607276256424161e-06
-2.351016128099708564e-06
4.582219807939276847e-06
1.245317959027953137e-07
-4.534219551669042544e-06
1.395089366177995673e-06
-1.455597881215706602e-06
1.142649503059638294e-05
-6.187309505713555906e-06
3.501279995912591819e-06
-1.163817524456570133e-05
7.256367539916259871e-06
4.890788151213689199e-06
-7.805333550151241531e-07
-2.276115416320829952e-06
-4.818698952953303957e-06
-6.092646342216622414e-07
2.249288873562800435e-06
-5.733595691763932427e-06
9.911072718358512830e-06
-8.092660552525873295e-06
-4.064472600550619200e-06
-1.240507634115657454e-06
2.624427687334807537e-06
6.016171290286548631e-06
8.703669414285381071e-07
-9.285985027613148209e-06
2.451130029019434858e-07
-9.641265440161810732e-06
1.315061832471181167e-05
1.680210908649465259e-06
3.147657968527537570e-06
-7.136706522246690241e-06
-3.667294424654751934e-06
-1.255379955177352716e-06
6.594173107828445941e-06
3.741275286883440541e-06
-1.708843007487939573e-06
-2.071357304487339031e-06
3.333228846288094903e-06
-2.520079149391348155e-06
9.175620847430266266e-07
-7.299288291812127273e-06
4.356420022963892487e-06
-1.255107495506231609e-06
2.172629450304477914e-06
-6.420172937659463790e-08
1.264438020558236617e-06
-6.495823947479829202e-06
8.470248070216861519e-06
-5.362926475498707950e-06
2.744642534489546793e-06
-3.472653546416441269e-06
1.941938410496913347e-06
1.310149029472948721e-06
-1.447756978893965704e-06
1.171496754954886929e-06
-4.815904740530012828e-06
3.803483059884266551e-06
8.116212990371087896e-07
8.809442743047754480e-06
-1.456487626961497586e-05
7.332680196557846432e-06
-4.130926632911031962e-06
1.600092767073122340e-05
-9.588564371813243547e-06
1.098787228204670488e-05
-1.833158267411312591e-05
5.777994448570842364e-06
-9.888644656037274386e-06
1.710784910419294665e-05
-8.428756814596239966e-06
2.309833670671443285e-06
7.120399543676910804e-07
-2.831692538281654723e-06
-7.842545274861337210e-06
1.133447918043444736e-06
4.818276425184147105e-06
9.732864413632660763e-06
-1.116906614826315275e-06
-1.009354295231902306e-05
4.085707016809324467e-07
-5.318448886673802286e-06
5.590056918427283924e-06
-6.068943953975655026e-06
5.890434396100080553e-06
2.482101187546813649e-06
2.923283886209017049e-06
8.539749404706029718e-07
-1.370706585322307812e-06
-5.891082013599965392e-06
5.209571153564172994e-06
-2.707326247494255082e-07
7.796412695508312524e-07
-5.412753446078078629e-06
4.186719445156844452e-06
2.387760700625446150e-06
3.414553915139597912e-06
-6.479479960920859184e-06
-3.660137410948143143e-06
1.076657767977290867e-05
-1.614615406373029869e-06
6.599242111512460266e-06
-1.546466488775956127e-05
4.723887602149069666e-06
-6.851964924038623036e-06
9.655611817828086007e-06
-9.450840387313129733e-07
-1.839954920997523718e-06
3.120159657024922126e-06
-3.788192730751484341e-06
1.545215372566360437e-06
-2.018579716919644148e-06
3.040630904461117571e-06
5.850239232031296518e-06
-5.061704824170781209e-06
1.845930427218750414e-06
4.922217574772878257e-06
-6.359567261287494622e-06
2.118331893694934710e-06
-6.491480445627093772e-06
7.252331407645073300e-06
3.131725473435931001e-06
1.483140738306085952e-08
3.329474651637103989e-06
-9.373093029579018283e-06
-2.562303711926125525e-06
-1.998254399526612519e-06
8.867324593837892145e-06
3.595846141541570770e-06
1.685734068081234835e-06
-7.113948358220114281e-06
-2.006619374841286421e-06
-1.575751847722140204e-06
2.404985323676868335e-06
-4.927480568585196075e-06
8.506316414870873345e-06
-4.812062945429774989e-06
1.186316707405797938e-05
-1.336772553970024503e-05
8.082906205407203995e-06
-7.967004304473800227e-06
6.358844385450002738e-06
-4.344617055081938169e-06
1.155100445496917117e-05
-1.058105427213577550e-05
4.184565695807408213e-06
-8.940358085406052647e-06
6.669204907382036995e-06
-2.293414712673881559e-06
2.233738750575441634e-06
1.309067721804566950e-06
-4.091983128211773221e-07
7.431940601238434850e-06
-8.058086422749636082e-06
8.729994554976159519e-07
-1.222426901162679711e-05
1.904984223078508710e-05
-6.064176850003298331e-06
7.073178113413256373e-06
-2.012783959854740995e-05
1.116493554578196230e-05
-1.151701520662939917e-05
1.522980297519110901e-05
-4.133641620794798439e-06
8.267795842761396026e-06
-1.282535924938139261e-05
5.222234425755939208e-06
-4.789609754094786666e-06
-1.372156467752364226e-06
5.726582500296295500e-06
9.206865927804065147e-06
-3.810722924746909774e-06
-4.228863451830519142e-06
-8.575923688101471878e-06
1.921668521626883377e-06
6.629971166513783779e-06
-2.268659378475496987e-06
2.343035011437867227e-06
-1.052845103637335467e-06
5.022930520973153162e-06
-1.348400057550171800e-06
-3.896170593353233505e-06
-4.404284245054073566e-06
-2.881491444304356037e-06
2.717128398879705223e-06
-7.097140865036961656e-06
8.877888434440378703e-06
4.622214072220891571e-06
6.718194714739793912e-07
4.141477407773381701e-07
-6.849791738004743741e-06
1.383844804399864108e-05
-1.465933451141818855e-05
3.906032858051546966e-06
-2.881454146875296493e-06
-1.149956414942101206e-05
7.987676779717591414e-06
-2.991346801961777428e-06
1.597230290334849688e-05
-9.405027230594165284e-06
8.973510389102627177e-07
-1.960977432406120775e-06
2.171805218492407127e-07
9.067290167672694087e-06
-9.794003875685889515e-06
1.965132122797138779e-06
-7.402132075270232546e-06
6.269431404803678044e-06
-7.634649117655406046e-07
2.917028696789327236e-06
5.580842278485392491e-07
-5.494082389798985014e-06
-1.336433460383884251e-05
9.155357575500191157e-06
3.991821895371312945e-06
1.054615811289965023e-05
-8.317868337630378263e-06
-4.680777712447836247e-06
-2.857327996583084418e-06
8.326197581951841010e-07
5.867093947156870793e-06
6.320282862354662177e-06
1.728682267119085431e-06
-1.094526969511931128e-05
-1.167018520229679694e-05
2.214836463376179382e-06
1.010510833622733410e-05
7.979803373877997593e-06
-2.768905005862762477e-06
-5.509357172964545428e-06
5.351886301512252198e-06
-5.475735041408642039e-06
9.787777435464600225e-07
-1.396247514012364454e-05
1.016338089555783537e-05
6.114467481470969542e-07
1.154824390094912523e-05
-6.187939130634785060e-06
-8.108034965449012815e-07
-1.672932153237861169e-05
1.465673730647292667e-05
-4.337315553413974593e-07
1.783122137356852680e-05
-1.824191098118797664e-05
6.650513013478336218e-06
-9.012751166809336185e-06
3.867276490845369656e-06
1.029567169672013786e-06
-2.219223775146669920e-06
1.722192554375675303e-06
2.113778075854634404e-06
8.145536493934656293e-06
-1.003926885080503371e-05
-6.309830106810834858e-07
-1.749744333369553849e-06
8.529472970394470256e-06
-7.315683246187236317e-06
2.308068036361166024e-06
2.280784047918081735e-06
-4.431051818929124992e-06
-2.057370178443988429e-06
-1.162634621743258503e-06
2.773418793414092680e-06
3.773580689153858774e-06
8.580288926189167544e-06
-1.178617006751578532e-05
-8.770363218969902812e-06
1.061602528687434141e-07
6.646570424436606833e-06
7.935319568535328114e-06
1.980753101529028586e-06
-9.538395525770924270e-06
1.682441471436638667e-07
-3.042179154802989612e-06
2.192987284276718934e-06
-2.335638095268593453e-07
7.573900352400602569e-07
-1.023431029910053919e-07
3.073414686465895433e-06
2.155821814528060992e-06
-4.214474941527425071e-06
1.039099868819569640e-05
-1.362282480546656387e-05
2.072505994890271433e-06
-9.714568581707934444e-06
1.314121336820864863e-05
-9.973928428442064501e-07
-5.015179265696989875e-06
7.661869538041993037e-07
1.256453238305589739e-06
-4.018294960410391338e-06
1.945098980376346907e-05
-1.296926874297191268e-05
6.653223042438585652e-06
-1.772013720279201480e-05
1.181819822669714275e-05
1.093687400631004222e-06
2.284480612068606574e-07
-1.341859090014055090e-06
-1.338049988253448736e-05
1.394280052985355368e-05
-1.298773234037688156e-06
1.019246509308419988e-05
-8.593026274104303587e-06
-7.698095063232161166e-07
-3.928696876695045873e-06
-9.210044879795682184e-07
6.617052107369064692e-06
1.199218834032977003e-05
-4.555554003529223818e-06
-6.952215503792384206e-06
-9.633025054418564262e-06
3.127720062788703576e-06
7.592103197837700516e-06
8.168426335525843065e-06
-4.112542840256283778e-06
-5.403052381336331312e-06
-1.039743852080062035e-05
3.513717555879277127e-06
9.308380832405880006e-06
1.207000270204941454e-05
-4.871792457466070294e-06
-8.431728844783433597e-06
-7.538896590055113529e-06
6.528550012498058750e-06
2.492502819331397002e-06
-3.516840405569629522e-06
6.439070482502186533e-07
2.775591705499369153e-06
8.015338746845542900e-06
-3.691047188906423904e-06
-5.478981668576245374e-06
-7.234247073903177779e-06
-6.917107653461930199e-07
6.642598892287361374e-06
1.303925744340348725e-05
-4.772521411569777357e-06
-8.668240209032946120e-06
-1.661742984890164475e-05
1.215718345336748466e-05
1.367741111434546322e-06
1.103321639170724069e-05
-3.788736585762951670e-06
-6.168221265957193853e-06
-1.733445293254917397e-06
6.699470860916548457e-07
-1.431640707313602882e-07
-3.868838314071499730e-06
5.025945232406577712e-06
2.877419009489205995e-08
-1.675351934960166484e-06
-1.581105914177270287e-06
4.170788504486559190e-06
2.549638613122619352e-06
-9.626302976459600344e-06
7.040770068033528790e-06
-1.850498238764418510e-08
4.763441532164417025e-06
-4.530787808236735251e-06
-3.741415244185277559e-06
-6.754454838170925481e-06
1.034243639249002058e-05
6.627714671042845941e-06
3.115588485328852837e-06
-8.572125208781063922e-06
-5.496259792103777679e-06
-4.679630448850615440e-06
1.082188657919563942e-05
-3.029500131016542674e-07
3.069567156195037049e-06
-2.087937323198365717e-06
-2.197021596529036749e-07
-8.270062250147636879e-07
5.553439666047010914e-08
-3.596490941093353472e-06
-5.508335446934315769e-07
3.448223438150822660e-06
-3.207822259073360229e-06
2.325526303034275429e-06
2.155745195273913624e-06
1.312116190286596489e-05
-1.189278515892170868e-05
-4.868795329145594983e-07
-7.981976914347850053e-06
9.277770189747115768e-06
-1.525425116425812661e-06
4.914724483129266242e-06
-1.322770572288857886e-05
7.617945955935327969e-06
-6.847679774824848517e-06
1.533859528393453984e-05
-9.922239395868384448e-06
4.060193796011277021e-06
-1.058396507809122330e-05
6.198318997823270920e-06
5.043881812794537856e-06
-1.680074400039976046e-06
-3.163574648969024774e-06
-4.214650591114715879e-06
-5.098735765162986104e-07
5.218908060336605105e-06
-3.534875146422169771e-06
1.308409272711289106e-05
-1.012012233733582985e-05
-1.887101467977768702e-06
-1.007636692741674760e-05
1.064238642631122833e-05
2.178684460549270324e-06
8.096291937955453765e-06
-1.060270817352533919e-05
-4.177936319604898821e-06
-5.179257626512968164e-06
9.494280747163255042e-06
7.422955398288039595e-06
2.531371723596611089e-06
-1.072543372121868578e-05
-7.097505949769815413e-06
-1.367914256042178963e-06
9.416669256651656595e-06
4.641134777008071132e-06
-5.649148608182391582e-06
-4.121387888246792522e-07
4.497188042266932629e-07
2.172371940656564049e-06
-2.163729736527256419e-06
-1.630613696786192504e-06
-2.071822877533366575e-06
4.079372045689833360e-06
-9.525811274474263435e-07
1.003216801220625577e-05
-8.774428356539367877e-06
-4.536916601645346887e-06
-7.514128616782222455e-06
1.226933512136656560e-05
1.017117363706362160e-05
-2.819470262575866974e-06
-5.403493297018786929e-06
-7.841188016855209496e-06
4.705734033134073249e-06
2.366112388984242686e-06
9.893137151669699791e-07
-2.719003910491670151e-06
2.088893490247682936e-06
2.685939797756675953e-06
-1.277958789951832725e-06
-1.363247611260352462e-06
9.615421483400884161e-07
-1.410543360288503699e-06
-7.532071322945022170e-07
-3.377032690798271612e-06
1.117159541300686445e-05
-7.134946940828089577e-06
7.094971827177603559e-07
-5.097882775730744449e-06
4.517137870268673627e-06
3.175934192245440393e-06
4.438519815183371973e-06
-7.431631536596957662e-06
-3.967176898920939698e-06
-4.400734950575936667e-06
7.014705756237248914e-06
3.119743021476170645e-06
4.240822733657142031e-06
-7.621575338829363961e-06
3.559317931147796123e-07
-3.187891344803959997e-07
-8.288737007536870692e-07
-1.265706109919486071e-06
1.155864785716729708e-06
1.440984782312665602e-06
4.878605807924554003e-06
-2.670107240810753751e-06
-1.797888006799279222e-06
9.800858104496213189e-07
-4.955359464812171975e-06
-1.781138875612019707e-06
-8.995940256609348773e-06
1.132545909098749797e-05
5.376989465070127280e-06
6.186205614004581167e-06
-7.845366733281314690e-06
-2.296301179459533668e-06
-6.043920335272534151e-06
1.218201777056600211e-05
-5.571627694425755210e-06
9.316042504942564139e-06
-1.511326818318403156e-05
6.275030516158306442e-06
-6.841342279964164677e-06
9.778266847899627507e-06
-9.518797103712719359e-07
2.293453180241556148e-07
-1.204774910241096630e-07
-1.620387761929401340e-06
7.132145422442053465e-07
1.484534869592736821e-08
-4.830419549347794299e-07
4.645075201723175491e-06
-1.040831006783994004e-05
4.928547115069536569e-06
-1.254933718627484723e-07
8.235766439930042925e-06
-6.268861910289360351e-06
-4.607822906324060443e-07
-5.847021069788075400e-06
6.087671650445500830e-06
1.994667971233204799e-06
4.115333593136122856e-06
-5.985557347312095525e-06
-5.581627421997104635e-06
-1.737917173015439984e-07
5.407667799041992180e-06
6.085552322114256559e-06
1.457687760667645874e-07
-7.063195021030739701e-06
-5.338525683687124876e-06
8.295769902685908359e-06
-7.063023819564234138e-07
3.737873657111966615e-06
-6.851546402277028838e-06
1.819316875016285063e-06
-1.928654624250421473e-06
5.108547789050486460e-06
-2.816652498752361684e-06
9.964841424114123498e-07
-9.128816711863814266e-06
7.254892540583772809e-06
3.783953182670977044e-06
7.839625899752013965e-06
-1.127413640904921475e-05
-7.875003928667373708e-06
1.770176173048364179e-06
4.470138101072493974e-06
5.162318820025170200e-06
-4.490848129320013969e-06
1.198672787582228132e-07
-4.963125310146067107e-07
1.811128890605664016e-06
-1.657711057493907461e-06
-1.593251927993111248e-06
3.976549837183665761e-06
-2.284845944875640988e-06
-1.935664458796609057e-06
1.988656856753098262e-07
2.511547174560606036e-06
3.490513031795182483e-06
-7.302544230649235190e-06
2.963386696381441694e-06
-5.063492832710055156e-07
5.835243546089587119e-07
5.693017660363881610e-07
-1.472010599201255094e-06
6.573380264564212896e-07
5.229507148090541639e-08
-4.191397494688922627e-07
5.445413211866181983e-07
8.444176588830905192e-07
2.330645764043427129e-06
-1.650404656607636724e-06
-4.260112055317373384e-07
-5.880493772409640937e-06
3.652477371586897634e-06
2.561076086557176364e-06
7.810088582357430396e-06
-9.988142225865126729e-06
1.047128227767485232e-06
-8.095168104690899719e-06
9.323267752213333794e-06
-1.295692890956244272e-06
1.964814205985504183e-07
1.494137207717375487e-07
6.115063182913062310e-06
7.690463860031308962e-06
-7.082922750863437568e-06
-5.196571811960007511e-06
-3.654064334946088252e-06
-4.771399952006455663e-07
5.713173886284703152e-06
2.533801626331798859e-06
-2.866543287003522814e-06
6.520406353879677529e-07
-3.803143815499525262e-06
2.542603636716167281e-06
2.162851033234772767e-06
-5.789449238270879541e-08
6.438727888371756216e-06
-1.072304245398076105e-05
5.096315250755825146e-06
-1.320405656148018277e-05
1.093755474313602920e-05
-5.131443776861393639e-06
1.154257941610563275e-05
-8.523638726890849209e-06
-2.219901840314775678e-06
-1.796468306521863446e-07
4.823097592035988084e-06
1.850091408712970969e-06
-2.462164411135352139e-06
-2.220181324152797919e-06
-1.056187833726050342e-06
7.168691680938536187e-07
5.871390823218152994e-07
-2.554126918819574103e-06
3.521482178032075885e-06
-1.407411432428808134e-07
6.343623450652673472e-06
-6.952029776736646036e-06
4.698786518269405842e-07
-8.036803907324605636e-06
6.879653380736447122e-06
1.584313979327495983e-06
1.007105948504688021e-05
-1.854022419748889764e-05
7.732543992275260717e-06
-8.161009854624849262e-06
1.750750806651294020e-05
-9.233115081643959894e-06
4.669489708478252033e-06
-1.222116502272384931e-05
7.454885902033823168e-06
-2.511415652949450059e-06
1.313670164484670978e-05
-9.725462371704623283e-06
-1.765563251891057778e-06
-1.072453391352181896e-05
1.180181735402738402e-05
5.754645251265544685e-06
2.438912504854806272e-06
-7.099105480049382770e-06
-4.471733011725727980e-06
1.320165171184720576e-06
2.712549855553103174e-06
8.478687384076327623e-07
-1.678419200968225654e-08
-8.127038338045424914e-07
-2.853940747140688368e-07
-3.847555171492466997e-06
3.880316205473873593e-06
4.499785176274553983e-06
-3.528492439858951091e-06
-1.165334466745826877e-06
-5.865727787537586945e-06
7.466998168147174475e-06
-1.355938365780202632e-06
3.898030976029898905e-06
-3.006925085528744440e-06
-1.052824254465107909e-06
-2.273179554224518630e-06
4.043174475949189720e-06
-1.260148749330900336e-06
3.299898326915226317e-06
-4.256822474093224074e-06
4.960049223983789264e-07
-5.169403208822925328e-06
3.376137270157701916e-06
2.163069414552619433e-06
8.582473540054328415e-06
-9.339707782289540617e-06
2.481608126527906643e-07
-1.082729837681756352e-05
1.662901421940223939e-05
-4.191569481049495062e-06
6.407212501465076745e-06
-9.462068858438331832e-06
1.956090195188490143e-06
-2.810543254651630299e-07
1.705246108007395832e-06
-5.283966807904752437e-06
4.052205167593263290e-08
-5.422365451895809436e-06
6.855507450536883757e-06
-5.140378234196831374e-06
1.776984197299905153e-05
-1.178014781439027392e-05
7.066221597126284662e-06
-1.728145600108958941e-05
7.996424734240548403e-06
-3.348675150512303819e-06
1.225079447774683981e-05
-8.797489357331140207e-06
4.772743411016725605e-06
-1.807052810346185490e-05
1.702104889032034899e-05
-7.066418425721412919e-06
2.008675215187568497e-05
-1.496508181584446377e-05
5.604767782121796053e-06
-1.205355485127844081e-05
8.829584906798975909e-06
1.803943421582746453e-06
-3.522546102076334922e-07
-5.248937571193004788e-06
-4.874683568407676744e-06
7.866258521082507109e-06
1.273734180300985621e-06
5.634103245556148067e-06
-1.013130416336841852e-05
3.743465280089069406e-06
-2.203582928354254877e-06
4.105711713862973217e-06
-3.404665115076282485e-06
9.335584472262327405e-07
-4.963947372905511599e-06
4.912660533652609531e-06
-1.279551069663746723e-06
7.342734174020589360e-06
-6.702675604397328145e-06
-2.822356180840991209e-06
4.074427212087095674e-06
-8.023178429109187736e-07
3.616828129111987613e-06
-7.106285476286196639e-06
3.544143913328415880e-06
-2.337214059182796178e-06
6.728815085968465538e-06
-4.618967861043820764e-06
-2.482843657785119545e-07
-7.393972239552459925e-06
7.023824397598075433e-06
1.212715158708578193e-06
6.484229698998595569e-06
-6.986227169898879733e-06
-1.477101411869259881e-06
-3.539875507579218035e-06
4.436238776798965553e-06
7.965574968653044038e-07
1.999776070294332635e-06
-2.901564894702621256e-06
-6.002961189992207287e-07
-5.054955842607384881e-08
6.889900808187413088e-07
9.230854427397452384e-07
2.532447267524701052e-06
-3.418946469511803884e-06
-3.327364301135901879e-06
-2.848794362233057967e-07
4.445086277487446387e-06
5.830986765368000990e-06
-2.257165919955000744e-06
-4.022854787771599212e-06
-4.778359470286418689e-06
1.354219846496996459e-06
3.604373184955581792e-06
1.315600141913451908e-06
-2.163568296286335785e-06
3.550932645721185775e-07
-1.235827207237020361e-06
1.456991499912075718e-06
-2.720474481748668397e-07
3.135546082302811702e-06
-5.303604844572472855e-07
-2.670132565610630639e-06
-5.549704742951493326e-06
6.598099134809600884e-06
-9.110956703790940576e-07
9.550398925189933043e-06
-1.231613292914287417e-05
1.892404050006985433e-06
-3.935331903886939676e-06
4.292522675761780955e-06
2.962289613401601095e-07
-5.823426043708074373e-06
8.217927525539237609e-06
9.322813741890288906e-07
-4.663491566824827570e-06
4.325854956834391859e-06
-3.666818261032803309e-06
8.965765608456970420e-06
-1.339558232121702154e-05
7.798415243309645681e-06
-7.717258276535142339e-06
1.232043708406518350e-05
-8.260253281784238759e-06
4.566301307406173040e-06
-6.525395194354909726e-06
8.184263235147633053e-06
-7.582573546483029440e-06
1.850944518731863504e-05
-2.103959329859175347e-05
7.954302756004257672e-06
-2.097570579238051814e-05
2.067989664116287764e-05
-3.872542607690685760e-06
8.110094462084552625e-06
-8.911032966730678831e-06
-2.785402445672069738e-06
-3.093971129941246863e-06
1.013958987999238179e-05
8.875715515269946913e-06
-5.092814388965395495e-06
-6.862957395380862342e-06
-8.135305691261791050e-06
9.559729895308838221e-06
-2.645205248485062392e-06
5.877752271351450963e-06
-4.865138031532825028e-06
1.319197433468263861e-06
-5.363949877180458665e-06
7.512227874965160949e-06
-2.447848179721193554e-06
3.136181539628195408e-06
-1.988607819042698501e-06
-1.729663596181089092e-06
3.739839146887557209e-06
-1.106492127620176264e-05
7.432899040975090278e-06
-3.906364229457911235e-06
9.671102022144443218e-06
-5.636790694911068944e-06
2.062725397035937359e-06
-6.036535732393524047e-06
3.857219256048952224e-06
-2.021967955288593641e-06
6.583746477872139951e-06
-3.939611098071181860e-06
2.995969596370639618e-06
-6.821514689378845714e-06
3.244688845202405847e-06
-2.976515656247482108e-06
4.031067779462270290e-06
-8.791808435352418689e-07
2.934345686220026902e-06
-2.558972204861852581e-06
-1.778433977876034189e-07
6.249783980942617845e-07
1.186421242397305844e-07
-7.456579664671129432e-07
-1.898829506835388810e-06
-2.938417544186765056e-06
4.934193425774748311e-06
1.799705315603505269e-06
3.184294727799807667e-06
-6.077298890293756347e-06
-2.208989663561534382e-06
-1.299578986041426709e-06
4.620612587112377014e-06
2.150729152904698405e-06
-4.134018527189315794e-07
-3.095404786548218610e-06
-3.459936252216467218e-07
1.264928672272458085e-06
2.321584760291949092e-07
6.337311722226650175e-07
-8.664210981341214845e-07
2.626821583806929363e-07
-1.558928674440080261e-07
-2.001092885839886230e-06
2.330346667681978345e-06
9.062665702836126505e-07
-1.322121127477353565e-07
-8.599019814320204760e-07
-5.505663264767131704e-06
4.123429708793541088e-06
1.533802717364003137e-06
4.051997339033288079e-07
1.373552388230312859e-06
-2.399577795876731503e-06
9.672163428047702582e-06
-1.050875580784895949e-05
-1.357036665947548871e-06
2.357216377311335927e-06
-3.782631618799835984e-06
1.998960370558792578e-06
-5.196557345210368359e-06
7.500116108179972451e-06
-2.309943307056050052e-06
4.950844009235870695e-06
-6.537538803683971402e-06
3.863922254901189709e-06
-4.605931628435567404e-06
5.212026278055346043e-06
-5.315986606445587950e-06
6.180249969024919738e-06
-1.727339405464344720e-05
1.828129288480781004e-05
-4.812052765801123468e-06
1.701363592378854364e-05
-1.707909448496277872e-05
-1.170209486697576878e-06
-2.403722637786871814e-06
5.941514047466393725e-06
1.184308817187403776e-05
-2.163419137262454613e-06
-1.186604302324619127e-05
-1.858027772309936838e-05
8.215010452686224084e-06
1.133182123495399142e-05
1.211056393138002669e-05
-9.137689539434803236e-06
-4.920222585613890518e-07
-7.804616168748582293e-06
4.968318385854341598e-06
6.303773483288013809e-07
3.822719864229994754e-06
-5.038639587244248783e-06
1.490274306948047257e-06
3.771644613439797685e-07
-9.342599467940968477e-07
9.393734931482076231e-07
-5.744647224185951063e-06
1.067113086743548806e-05
-4.934079436574114968e-06
4.267723063236852583e-06
-8.706432570500016645e-06
4.141972768436962069e-06
-1.971616473907946302e-06
3.321371383521115139e-06
-1.277202225561824407e-06
2.428529454370676474e-06
-3.045234330994492379e-06
-1.244237833989004355e-09
-3.201858166784198213e-06
3.433951261835225926e-06
4.241328139389116832e-07
2.783128142000693188e-06
-3.419672864783293170e-06
4.582558948933383426e-07
-1.763708218759079272e-06
1.348278126519383165e-06
2.996605446825915451e-07
-1.430089681142326335e-06
-5.876862724568934559e-07
1.727993396702881056e-06
3.971868117855640816e-06
1.861000144116973709e-06
-5.504560371955685378e-06
-3.825091410130528612e-06
-1.253936200288627956e-06
5.641524148733590712e-06
3.119438191464082035e-06
4.758584183809767910e-07
-4.383612299462865056e-06
-3.590178464737810343e-06
2.654383159883752620e-06
1.653531111544552629e-06
1.448237575446800557e-06
-8.126218515590788272e-07
-9.985658863551090138e-07
-9.527131450952199888e-07
-1.015121160372387367e-06
2.271898325383937132e-06
-3.036834302986472786e-07
2.205916253983438189e-06
-2.905046989255634775e-06
-2.857963894899366131e-06
3.111359051788077106e-06
7.930399874834865835e-07
6.588911318530884154e-06
-5.996209058116575352e-06
-1.244034320396907202e-06
-6.635753355244574780e-07
-5.757346107749854115e-07
1.727067916157829373e-06
-3.331637797906604559e-06
1.408456477542930215e-05
-1.037354780306276911e-05
-6.055827542330116547e-07
-1.199835385225357040e-05
1.251654175056216431e-05
3.309949823432765500e-06
2.580242235523861379e-06
-5.199372538594542430e-06
-7.309139062941863858e-06
4.348398634173789636e-06
2.874237133573352648e-06
5.513740922959746180e-06
-4.452235037616951964e-06
-3.314367432091979732e-07
-6.458579048217317845e-06
1.085635244296918018e-05
-7.812012794675349058e-06
6.290304649613491533e-06
-1.060234281980004857e-05
5.446986408257866832e-06
-4.435585434170020512e-06
6.857776678140323827e-06
-1.149872220283594908e-06
-3.061110186629026683e-06
-2.646555815239936180e-06
5.672929651236855421e-06
1.234140394787859100e-05
-8.686541982295150117e-06
-4.204223251289798853e-06
-1.268845091767232592e-05
8.957811462698673740e-06
3.530195230140764542e-06
7.331676570412293249e-06
-2.977291625508511855e-06
-5.302896945281832333e-06
-3.355286842577266721e-06
3.748039499194071950e-06
1.318924739286416825e-07
2.240479933715557688e-06
8.322269200326773457e-07
-3.312070884387870219e-06
2.139585088721353513e-06
-7.068811611354366253e-06
5.181382035726919661e-06
-3.306465273298431035e-06
6.180066675777256754e-06
-2.868443519381486628e-06
2.659681185638239711e-06
-2.659961428654437344e-06
2.081235723656430804e-07
-1.386422155300907163e-06
2.104725800385673939e-06
1.330821753535145736e-07
2.512052289184142517e-06
-3.443955087553255453e-06
-2.236933269090965416e-08
-1.468974730858109448e-06
4.547557416484568056e-07
1.145568293919016939e-06
-4.378106977822223418e-07
2.714037901176779937e-06
-2.291802576628184881e-06
1.434191017299670612e-06
4.272565949034817724e-07
-1.356844245402204025e-06
-4.023271142612630780e-06
-1.450732737788883285e-06
4.668882099551739328e-06
4.406581549817280244e-06
-6.226762579583903994e-07
-3.795782626162839135e-06
-7.641064257804677735e-06
5.404983598318598663e-06
2.738234409917840754e-06
9.357759236247148484e-06
-9.864469973184159768e-06
9.966203656237270975e-08
-5.271777075777513597e-06
5.326177453127233862e-06
-2.652774628003313708e-07
1.802347437733288396e-06
-5.280372360223737809e-07
-1.397522587127389147e-06
6.475898527598143714e-07
5.340177577895713205e-07
-6.086356287420182775e-07
1.902348644873403031e-06
-6.638763265222650143e-06
3.768650237832286765e-06
-4.189242227623955414e-06
8.101740688411005029e-06
-3.021146644398113505e-06
-1.092573395261570632e-07
-3.773589838151133070e-07
3.787800972394288863e-07
-2.985030319546991624e-06
-1.043851681330907130e-05
1.253567035734880821e-05
1.432571683854719917e-06
1.791724165928872874e-05
-1.746474616088710311e-05
-5.121365912846592292e-06
-1.101719892456664817e-05
1.354172488123400326e-05
1.405285142862980811e-05
-1.610314859734250797e-07
-1.207542216854204136e-05
-1.125097420589561861e-05
-2.276913474025292537e-06
1.241528932407751387e-05
1.312273003527406635e-05
-7.015166988922025304e-06
-1.431002581034826059e-06
-1.526680859054951360e-05
1.341836585088503395e-05
-2.767760415210490307e-06
1.353559249452540155e-05
-1.169049331727909770e-05
1.323400841198841711e-06
-7.664970874759947266e-06
9.672716285709790149e-06
-5.362901840552957339e-06
-3.106992208714095963e-06
2.875831667478759383e-06
2.465792503668354503e-06
8.424598198774121423e-06
-6.830625281543143779e-06
-3.994752573172326388e-06
-5.097384326249558562e-06
4.126148591557749970e-06
3.321011753060319562e-06
1.430659338824709614e-06
-4.837778718053662675e-06
2.755249061128263116e-06
-7.707680394922693896e-07
4.675769496781594224e-06
-3.597445453877837086e-06
-2.595433482473435380e-06
-1.458267873478896025e-06
3.509582917799438594e-06
2.474402806338048086e-06
-4.937769628143937067e-07
-1.942258941940425158e-06
-1.307613873644956947e-06
-1.595648084850131773e-06
2.744120731610787453e-06
-1.803253271236319397e-07
1.250692325532527656e-07
-2.239850487598087425e-07
-2.020466601970075327e-06
2.280660912052301441e-06
5.840021703223594301e-08
1.518907206785945847e-06
6.494510876779867781e-07
-2.565603679290153627e-06
8.202304581427211875e-09
-5.968578411668815998e-07
1.104971780573506658e-06
-1.651996811544587123e-06
-3.545281486011519367e-06
4.674217483152238149e-06
7.067469299354091331e-06
2.063775331474260549e-06
-8.050101784383018055e-06
-8.012062841750533138e-06
-8.881303769132794867e-07
8.858111681060477588e-06
1.170053105981973746e-05
-6.255630984313423825e-06
-6.778192194947452111e-06
-1.070268159948209292e-05
9.192362270884426066e-06
2.100992945041525801e-06
5.553406435267710481e-06
-2.669264596364169861e-06
-3.000127320095323689e-06
-2.694828367849951932e-06
-3.133885294653097119e-06
6.686603739248265963e-06
-1.335153816779549528e-06
6.829804422026989407e-06
-6.525640578144660799e-06
1.936021737137482072e-06
-2.692956478009218448e-06
2.083704003606777418e-06
-1.960164515771314995e-06
4.754153217585998741e-07
3.736155222315663554e-07
3.367543483992951127e-06
-3.599724026770687474e-06
-6.790416970861167141e-09
-3.025536941500234941e-06
7.305700496749283960e-06
-4.291260068199721358e-06
5.824294008760086442e-06
-2.046043829915198813e-05
1.342713361593434703e-05
-3.042339936800779122e-06
1.861655800708340354e-05
-1.523894079812833469e-05
-8.838131804299841077e-06
-1.696873600807540205e-06
9.044044020508629894e-06
6.570688294749047894e-06
7.023023295713930871e-06
-1.329552852935351985e-05
-6.416848905816847203e-06
-9.579603494135630211e-07
5.318931300355545945e-06
1.199494755168878383e-05
-1.201093858982335898e-05
3.775179269704677151e-06
-1.339822809374552542e-05
1.380149370648218595e-05
-5.313952291460491275e-06
7.284693501169572540e-06
-1.154369073242045864e-05
7.905689481932781298e-06
3.182092263526946381e-06
2.389042477173261591e-07
-6.799864825944022974e-06
-4.770928397346395733e-06
4.702337417666894827e-06
2.523696608680245864e-06
4.114040882550937951e-06
-5.464815005263544005e-06
1.175906906218423856e-06
1.667690351190600600e-07
2.610812151245344137e-06
-2.850241871313648884e-06
3.765217299826963492e-07
-6.856933486692419865e-06
6.607824477174849868e-06
8.135412117053071992e-07
7.619223794853447906e-06
-8.609208041900879186e-06
3.340149917161963842e-07
-4.611070133193698398e-06
4.932195405554648326e-06
-2.297030048463527701e-06
5.326365364078784738e-06
-3.810502206206161827e-06
1.201827468283823147e-06
-2.945054184084412135e-06
2.360513489394706987e-06
1.230149492296817124e-08
3.923452460175784457e-06
-4.240257714135664614e-06
-9.818523299078931631e-07
-3.958192774275297467e-06
5.267880268483824365e-06
2.627573686200955278e-06
-1.359023259829282332e-06
-1.738733649960139329e-06
-1.697795935559074191e-06
7.725947824263588879e-06
-6.209566852817420092e-06
-4.082770714865447834e-06
-4.674298271611224535e-06
8.361764150391909339e-06
7.288117390775558955e-06
3.969637884408995645e-06
-1.172762663379406174e-05
-1.351085574910146437e-05
6.803998879267976928e-06
8.429469572478779111e-06
1.127761746288171498e-05
-8.417715695224986953e-06
-3.799070184206227135e-06
-6.602463087884689839e-06
1.279349211467498316e-06
6.057120781880302593e-06
4.548455414846257059e-06
3.885263803483185685e-06
-9.750286646826058403e-06
1.992878171776410435e-06
-1.171108612634762428e-05
1.031291879375726510e-05
-4.074260484268096427e-06
9.467883675232212161e-06
-6.331378393069768337e-06
6.074032747264416674e-06
-8.401831323169003384e-06
3.588347936021509817e-06
-4.551605911158355055e-06
4.335086946638684106e-06
5.357513166762660484e-07
-1.868751180755158824e-06
-6.718469725921030912e-06
5.868738953316869501e-06
-4.532631089285592441e-06
2.172960010798661714e-05
-1.538143513584066315e-05
2.550991265206781691e-06
-1.805390413835148948e-05
1.401462331469651701e-05
1.024833490658383015e-05
-5.653561530716953635e-06
-2.272503203450760149e-06
-6.198724165124866986e-06
1.661665328194143256e-06
5.854580398995337477e-06
1.521790562456193573e-06
1.265555376321831988e-06
-4.869136714582190820e-06
-3.432254899126611232e-06
7.659225941505773804e-06
3.627894177896500916e-06
7.606763611695856186e-06
-1.047359974899502603e-05
-3.908518152394957621e-06
-5.742090025106032610e-06
5.715369346670790724e-06
2.065343086668613677e-06
-4.063204127565266329e-06
8.112538010225989519e-06
-1.183135208113717111e-06
6.810149163659467625e-06
-8.182773671499919400e-06
1.509348341864658872e-07
-6.549386827013285813e-06
7.627143791174818632e-06
-2.138331652800244933e-06
2.026056181752134912e-06
-1.566141288930886649e-06
2.433105252185027613e-07
-3.485295752290745916e-06
3.346800495096222176e-06
-6.472994146804875535e-07
1.788271066543281176e-06
-3.945255722471911964e-06
2.821827647548867871e-06
-3.382528622136824698e-06
2.424402725815862627e-06
-1.104819471038672986e-07
5.684113197868151005e-06
-4.754660679403914187e-06
4.262744236081786775e-08
-4.479389242556744156e-06
2.697309631742614420e-06
1.020167739092489181e-06
5.101053059991077080e-06
-7.004404370684621775e-06
2.662752778988373692e-06
-2.812444740629041017e-06
6.699046106502287896e-06
-4.529533998479946106e-06
-3.302773267811610525e-06
3.135316639235917923e-06
5.082068868042436511e-07
3.864064651082814176e-06
-1.384576770522353339e-05
1.031482825570438795e-05
2.767961653367007655e-06
7.850340206644183363e-06
-1.055872278955831731e-05
-7.119585665273030456e-06
-6.579972652637984372e-06
1.440605530767241181e-05
1.295785274407438194e-05
-1.048976224313398989e-06
-1.382093283388541294e-05
-1.206879386484330531e-05
1.725265704602150769e-06
1.149036989441029639e-05
1.031605126950390704e-05
1.146592542331617642e-06
-1.167500240537263284e-05
-6.926491634061386620e-06
-7.242097557964366502e-06
1.468354523816790659e-05
8.900752972310941195e-07
1.560132842048718137e-05
-1.638908015318802334e-05
1.031885862846288387e-06
-1.416540876555174569e-05
1.335660856270440581e-05
-5.684465754685106958e-06
1.378713948162525183e-05
-9.535371543777793944e-06
4.357807041008237862e-06
-3.713529319124822427e-06
-7.397092551547682670e-07
7.928837733532271038e-06
-1.002537472000776260e-05
5.505350251351901431e-06
4.646183619805806646e-06
-2.484275790095600939e-06
-4.833955437483941932e-06
2.251122450096970711e-06
1.251045816975681896e-05
-1.121299286675947791e-05
-5.706633294650413299e-06
-9.739054217868558494e-06
1.238202621489465632e-05
-3.527977830983849289e-07
1.451770812641922199e-05
-1.414088919040840410e-05
-5.044083849863738005e-06
-1.512346392667785795e-06
4.476202135332237909e-06
5.645553892007996655e-06
-6.833366873659522811e-06
-3.908060423436609077e-06
-5.777742839260985080e-06
-1.205112179702649338e-06
1.303892787910976850e-05
8.445624522481453412e-06
1.205654736683279324e-06
-9.456627854678392758e-06
2.778283140907129487e-06
-1.437124744563356179e-05
9.625209922960994424e-06
-7.907620323237303511e-06
1.228840815369177454e-05
-5.094138716346683287e-06
9.063992602985131516e-06
-1.413282023045732530e-05
5.925784606392524743e-06
-6.361753234624381223e-06
8.320394704128618828e-06
-2.561207930489036065e-06
4.088934058071628941e-06
-2.486695275821656011e-06
-8.784089469786991139e-07
9.600162667772734815e-08
-3.744216845860481809e-07
-5.329442086772188004e-07
2.256173917666225963e-06
2.136410297482616473e-06
-3.193058170055830124e-06
-5.012750063118704369e-06
2.514731014803026931e-06
1.217284798488693428e-06
5.349694489130221595e-06
-4.066607557198599946e-06
-3.178524468775062640e-08
-4.675902170104558196e-06
1.044094785180915310e-05
-6.982706686878479871e-06
-4.626561144259701961e-07
-7.941103677801992581e-06
9.591416008625312570e-06
9.912816896407996789e-06
-5.342659564527671845e-06
-5.351710832154700671e-06
-1.182061066813662992e-05
1.727206527108232832e-05
-5.707598810053181724e-06
3.575253489459635275e-06
-1.042792617351924783e-05
6.915756278616758498e-06
2.312868272619365330e-06
6.522676744797866662e-06
-9.267873463981967633e-06
-8.376670986714899390e-06
-1.787942884632684048e-06
1.184019694208998102e-05
9.977336147428143078e-06
-4.985755987754497443e-07
-1.101037214112629274e-05
-1.078218092795494985e-05
1.073993955350181629e-06
1.085984899376509345e-05
7.231368856701708795e-06
5.476546304538238021e-06
-1.390429511573858327e-05
4.769876574080295970e-07
-1.706289276048915531e-05
1.692665811822512863e-05
-4.901514842742107426e-06
2.132933113079442047e-05
-1.629095931243533106e-05
7.334028879320107983e-06
-1.798052351074438525e-05
1.234160749213225254e-05
-4.947805896005450321e-06
2.483316424698021935e-06
1.489633548353941437e-06
-2.957265424547080350e-06
1.647975308931738382e-05
-1.759825090272843363e-05
-3.118082176673220924e-06
-1.246702481616784937e-05
1.724853674537479842e-05
-5.757935902203562735e-06
1.197377189092242007e-06
4.894338869347989250e-06
2.406475851200409184e-06
8.891518474999385597e-06
-1.047015928549209030e-05
4.103416193819728146e-06
-2.096098431723180698e-05
1.696782282405940177e-05
3.567862818344947159e-06
7.340057356800159131e-06
-1.006504413435462770e-05
-4.579934815482860190e-06
1.144216509572116176e-06
6.863055246114281745e-06
5.146193542408807360e-06
3.638970927187377566e-06
-1.030776882458161962e-05
-9.413819125331141814e-06
2.989369826693667617e-06
3.460990089743418294e-06
4.747998270685042108e-07
8.583683094577944508e-06
-7.164092381555458734e-06
3.037695113233002780e-06
-8.721639387355728748e-06
5.583120266261536239e-06
-8.183676228642869894e-06
1.792616886871963722e-05
-9.815589744300128920e-06
6.605137971625083497e-06
-1.649178355655397593e-05
9.805569881675368262e-06
-2.982988060768179641e-06
9.962226742433399559e-06
-6.596274299819562718e-06
-1.449115957538489543e-06
-5.094310184615825319e-06
6.514081664254379667e-06
1.082156163969467220e-07
1.432383085950052892e-07
-9.311668372022362700e-07
2.481410769652004531e-06
-4.034329242333629812e-06
2.447130360003108034e-06
-3.151274010812156963e-06
5.327843415424972194e-06
-3.406009276257744779e-06
1.447535400579700660e-06
-8.603407588831076192e-06
8.348113303496176903e-06
2.069152096997386698e-06
7.966209394489098046e-06
-1.128869475947734304e-05
-1.143689387712053814e-05
-5.887161584066879735e-08
1.320673934692211343e-05
1.247048079222801371e-05
-8.166811684872686954e-06
-4.930386075938129477e-06
-5.813907002142914922e-06
5.721885964013349792e-06
-3.170643027235281285e-07
2.271643824983312640e-06
-2.052075038295555725e-06
-6.715351340507339059e-08
6.345799278106566493e-06
-5.002566536098110048e-06
-2.184160909881775440e-06
-1.244695088057609688e-05
9.599323803253240607e-06
2.940321763555037712e-06
1.446591032732017395e-05
-8.997555025363812358e-06
-5.080896814276961574e-06
-8.893065667108640131e-06
1.505237269786930868e-06
7.921599089372885157e-06
-1.097189559832044046e-06
1.324469645253867638e-05
-1.223620088065565905e-05
3.310640494734315146e-06
-1.712740343161182796e-05
1.318827507442047606e-05
-4.588768124836153655e-06
1.466866542062290398e-05
-1.108758558061891442e-05
4.729364792074934633e-06
-2.259969739341922200e-06
-1.503216996809664916e-06
4.718468459158308605e-06
-9.036652273346073314e-06
6.890564333829595758e-06
-3.619198997317329535e-06
1.001954678648265848e-05
-3.949101422620023341e-06
6.772922578809801974e-06
-3.921214765707960221e-06
-5.954557227746273803e-06
-1.846458929643182833e-06
-9.211758700970230657e-07
4.299867238339913543e-06
-1.704937148927704415e-06
1.214670083481282844e-05
-1.166716603966131252e-05
-3.531826640372932383e-06
-5.956448935323565320e-06
1.070813130498139701e-05
7.020161642112002867e-06
-5.642732942444178627e-08
-1.030963427970093489e-05
-8.794642358034067837e-06
1.340764523773602912e-06
8.767835356881699540e-06
9.059839496913537924e-06
-3.229507757090154198e-06
-4.415328567289530123e-06
-1.283328945122101416e-06
-9.733545345958512349e-06
9.604356726103344629e-06
-1.144838364005362004e-07
6.687578166352716302e-06
-6.549651284878963595e-06
4.739478242096266732e-06
-1.452324700639775034e-05
1.037246082386910841e-05
-6.272400041938851226e-06
1.897243171687766430e-05
-1.280847210880797827e-05
4.383803486213733100e-06
-1.503928586744772957e-05
9.819645843010824587e-06
-3.028880647976212796e-07
7.143639969397617729e-06
-6.551227627740567266e-06
-2.215508567311844134e-08
-4.159151103693365184e-07
8.346606873571074377e-07
-2.302221189953913526e-06
6.314682010948035315e-06
-4.917124952039871314e-06
3.469495607062346533e-06
-7.385686717037668678e-06
5.173430150905163745e-06
-1.622846541252263461e-06
9.047308136300854717e-06
-8.946416929229932506e-06
-1.533360876135788237e-07
-1.007685989113988020e-05
1.146567304410726086e-05
3.743213801620139916e-06
8.556187681292240786e-06
-1.469598224699987301e-05
-3.452433992943779178e-07
-8.440473908671790006e-06
1.029473506234541687e-05
-6.132139015222850859e-06
1.040603936816373280e-05
-3.617122214686897098e-06
1.017677476439077956e-05
-1.143781378806002630e-05
1.230799400332854385e-06
-1.984333213126386687e-05
1.893867207875785412e-05
7.993326896248388526e-07
2.370846661605298711e-05
-1.937144345300745698e-05
-4.149732342460250659e-06
-2.061687827820944763e-05
1.779621415978782808e-05
2.888177610447122042e-06
9.020441155515851919e-06
-9.364886356582196198e-06
-4.908990762264342126e-07
1.446117461952243051e-06
-3.950854994022842521e-06
2.651553341287061364e-06
-1.517331413094210590e-06
6.858517690509703842e-06
-3.872062395635287221e-06
2.430694038465113467e-06
-6.416387811352093840e-06
4.067839989437227761e-06
-4.638266793218162072e-06
-1.206147973684588588e-06
4.378668270467128073e-06
-7.190930363087590166e-06
1.551056304251833903e-05
-8.246193295282727587e-06
8.245073948601670366e-06
-2.002994966142543321e-05
8.380682642582394022e-06
-8.241633616555417262e-06
8.545589585698901909e-06
1.886180881735696646e-06
-2.463806543130655405e-06
1.924883822254801866e-06
-1.624133582359343030e-06
2.751255164018286820e-06
-9.763378757182882359e-06
9.144480293430241758e-06
7.406960979466171774e-06
-1.719368938037533495e-06
-7.975657823360549455e-06
-1.367965613816751474e-05
9.831341376573291761e-06
5.931236166781854788e-06
1.144303308154801295e-05
-1.064964269895302997e-05
-2.442525072560188852e-06
-9.584322032713614415e-06
1.162312963492431652e-05
-1.693100421570280687e-06
-1.076800494106138204e-06
3.451511910015199279e-06
-2.414757038616771230e-06
6.197521527870728070e-07
1.944669817027123987e-06
-1.018078744846307482e-06
-1.735683900450809358e-06
4.312899484781026278e-06
-3.624806866594620230e-06
5.415821178280421531e-06
-1.488009108767426153e-05
9.448177989954973857e-06
-2.281618563192723706e-06
1.168755221805796142e-05
-8.508494346436179160e-06
-2.472784191477651408e-06
-1.487561750573444173e-06
3.606104103307882327e-06
1.606649435832503651e-06
-4.423153306344939854e-06
2.976978201485910249e-06
2.760245041125275823e-06
-3.567345777853131649e-06
8.322458913459426303e-07
-3.182083604939736277e-06
4.818846292791870910e-06
-1.985389323012112569e-06
1.571599544942648942e-06
-8.917668354570217873e-06
8.146092901646778480e-06
1.132899480026964453e-06
8.745177092707362350e-06
-1.038301208369193216e-05
-3.468576398834220155e-06
-1.042782264925598079e-05
1.522234644293228729e-05
-2.384278529389660273e-07
1.283612029087242057e-05
-1.327178201865953746e-05
4.680320327712022294e-06
-1.164257160065846947e-05
6.281918105380628523e-06
-1.178792532416032661e-05
1.355913710381771114e-05
-2.234708257845351330e-06
2.140441387643083520e-05
-1.902531604498368303e-05
-1.432801418205489267e-06
-2.266374538697164129e-05
1.485568746013540219e-05
7.224507039074618358e-06
1.949206092069411366e-05
-1.797746754339893551e-05
-1.211713924884910443e-06
-9.768912020574681103e-06
1.354725110513178209e-05
-3.798192909827994945e-06
1.643942828159196008e-07
-2.832616184996032015e-06
2.729469431954933559e-06
-2.007880413242095430e-06
1.440846155393253326e-06
2.158343038698530070e-07
3.386800184170584546e-06
-4.977504711497479422e-06
1.591762877049141954e-06
-8.656106934078941744e-07
9.146381929586259657e-06
-7.064913609545537956e-06
4.267395074793861858e-06
-1.108411703927635125e-05
8.667277278343660707e-06
-7.300282711825865463e-06
1.724015502346216036e-05
-9.080883415476784083e-06
6.425562186758111206e-06
-6.621680482339118733e-06
-1.025473099102883694e-06
1.456379215578363235e-06
9.344078335326819093e-07
-1.428418327799979256e-06
-1.210294415488184734e-06
3.299066626811187099e-06
-2.892822943951921428e-06
-7.569387649690147504e-06
7.541506928729837744e-06
9.171239361804752786e-07
1.247394993982434444e-05
-1.437883222675275235e-05
1.479946737058802757e-06
-8.654072603705576441e-06
1.460595732114420152e-05
-4.314126483497540747e-06
4.190524221035430149e-06
-1.525050334965465917e-05
1.054061766920267970e-05
6.647077454919965889e-06
1.232050141430381576e-06
-8.026895850559711906e-06
-4.115530464222022790e-06
-3.045392036304763310e-06
5.839538634768511212e-06
3.069041184369112466e-06
-8.087032948297008200e-07
-1.603964681625690861e-06
-5.585642904687528312e-06
1.006360271960267654e-05
-4.558925089007638060e-06
3.636647784639490981e-07
-5.624116342428169500e-06
4.918851268843441816e-06
4.401485332496041832e-06
-3.220643988061241362e-06
-1.211091939405581206e-06
-4.193370374699527084e-06
5.188153778110891415e-06
-5.463127930143202499e-07
1.081453082082601378e-06
2.592218006228632642e-06
-4.190271271263241751e-06
-7.156234819775509037e-07
-3.769595203402815778e-06
4.721848987831579021e-06
6.034974659451539190e-07
7.431730219457170750e-06
-8.446713232946329443e-06
-2.232282732101545101e-06
-6.634461114852308205e-06
9.054455783114963221e-06
8.916595002580894109e-06
1.105567108012465869e-05
-2.101496250414665518e-05
-8.831116667020764624e-06
-1.058550629531044624e-05
1.993648229085115669e-05
1.034662915837769142e-05
-1.458771008570138071e-06
-8.329428906607717198e-06
-6.331136587713762570e-06
6.568191827512153559e-06
8.528396225659836674e-08
-8.314364931233964389e-06
-1.179755005140094442e-06
9.231016285703065192e-06
1.612117505177641596e-05
-2.430249741053030569e-06
-1.417285055728247572e-05
-1.468302182163138357e-05
9.408619367029491634e-06
6.271233487779710150e-06
1.164972915918301082e-05
-1.133577014499567460e-05
-1.668330533091692467e-06
-4.493421964650486246e-06
1.429180807243100315e-07
4.583208137553922055e-06
7.879316965654112423e-06
-8.493960123124503456e-06
-4.525202664536809484e-07
-7.316076759190588560e-06
1.569281395512907832e-05
-7.014043952964780137e-06
-7.713593352256033241e-07
-1.691083862308483371e-05
1.450971118470184905e-05
-2.525500208940311302e-06
1.227438762242763639e-05
-9.688599532136893519e-06
9.284749069059280692e-06
-2.747906158152183955e-05
1.579434933283005961e-05
-8.802447625911517630e-06
1.635036864820297532e-05
-6.098289529821990571e-06
1.879031300602468875e-06
-1.006892538879935732e-05
8.230889564428752077e-06
-2.909251791496094035e-06
9.168385985887668980e-06
-7.040130656602750314e-06
4.306301631847936150e-06
-1.352740708559978873e-05
1.025984604799107288e-05
1.964068533831684773e-06
7.065020644538314892e-06
-1.154057435762275316e-05
-7.959525076823190342e-06
-4.643251796494993482e-06
1.324721331006384869e-05
8.733466637463489971e-06
1.046140461701284148e-05
-2.049623128311994964e-05
-1.095220815657323408e-05
-4.945747133318948260e-06
1.813003095270573144e-05
8.578468564578675974e-06
4.466653058371216126e-06
-1.332888686813452216e-05
-2.968372483738667845e-06
-7.029419535247384670e-06
1.048086140953810561e-05
1.975176070502435347e-06
1.147331939253811236e-07
-3.232568895888226392e-06
3.856537402883354767e-06
-3.498663487652925460e-06
6.373448994987882134e-07
-8.181768620244901205e-06
9.425049120190688145e-06
-2.009762460975355469e-06
8.974778264701652403e-06
-7.418769423668030913e-06
-1.921467139366160125e-06
-3.833305471674384175e-06
-3.411419728395343791e-06
8.718409121080624601e-06
1.731920040627278878e-06
2.187697923832158643e-06
-4.707666619865101833e-06
1.168812660610840678e-06
-4.530508604978840962e-06
3.786042932330878314e-06
-1.252419620137610335e-06
8.575170867767417738e-06
-6.385559447544931306e-06
-8.742938806283355522e-06
-1.134026555444541721e-05
2.011678119707748712e-05
1.234917863403204544e-05
7.894269071683244826e-06
-1.954585920109448488e-05
-1.536642895021282819e-05
6.292250613655946741e-06
6.984993134243787849e-06
7.779228911270426642e-06
-1.152392996369175006e-05
4.248015296628913738e-06
6.110247916870351051e-06
6.905014453303473881e-06
-1.341423635765544161e-05
-1.092110658844182435e-05
-3.746817029273518909e-07
1.245292345521254162e-05
6.704460166779884049e-06
-5.630596904160225308e-06
-2.471602105450417912e-06
-5.186925778210450805e-06
5.930652033918498586e-06
1.745426178723602604e-06
1.505797990362646739e-06
5.416206986256307568e-06
-8.078097848971011071e-06
-1.040887266642378428e-05
9.218775114620844530e-06
2.218723635987120241e-06
9.756195778524723791e-06
-2.069355564036018592e-05
9.653327999606960938e-06
-1.177431300958159838e-06
1.967237801543010584e-05
-1.650817649775912147e-05
4.521543280295482482e-06
-5.918689115943064653e-06
1.935746789543808021e-06
-6.556779978992564702e-06
1.306598958640037389e-05
-6.049499550390578448e-06
8.440940185508142180e-06
-1.480542730324743377e-05
6.146338706789141140e-06
-7.980750023253271714e-06
7.069741108753329806e-06
-1.658254715379268339e-07
3.691273863443796430e-06
-3.534792757910214304e-06
6.394318705165037071e-08
-1.587317931108160563e-06
8.574372567236640389e-06
-7.325519363223043719e-06
-1.247883856005272184e-05
1.727940935511908547e-06
1.182047630520668670e-05
1.544510783353802652e-05
-2.626606771461442876e-06
-1.348011953589983967e-05
4.935138964538911027e-07
-2.104216754463903035e-05
2.317286304957155474e-05
-2.064442891352213168e-06
1.760956199416360179e-05
-1.790607251459068054e-05
-5.261722958286671960e-06
-7.560102632115385434e-06
1.314516419545709347e-05
-9.741208552584514259e-07
1.088114787799632147e-05
-1.088567042129012316e-05
5.570823932008197671e-08
-7.843680365554875822e-06
9.153477577256602686e-06
-4.017437835160734655e-06
6.406342809587324747e-06
-3.797275272469206835e-06
3.329573223314860166e-06
-6.851188756541456515e-06
4.511557346006680755e-06
-6.546819739533851271e-06
6.278466440071721166e-06
3.793630663689139587e-07
-1.157423328386527444e-06
7.728880625892629728e-06
-7.898063610221055009e-06
1.473996581604919567e-06
-4.002415142144581829e-06
3.042169045042813399e-06
-2.327950881910271160e-06
8.233091155688968335e-06
-6.479407579593851228e-06
-4.229216553214508028e-06
-9.669553400066298194e-06
1.260625734715563582e-05
7.723542221459680959e-06
5.810250380452394454e-06
-1.426866534522404470e-05
-1.350621427426215444e-05
-2.065746244488432244e-06
1.541794263108079463e-05
1.610115113783228461e-05
-1.224143002675471788e-05
-1.784387668481255285e-06
-1.368720802706724468e-06
9.379187117509637367e-06
-8.803954636675462281e-06
-5.526873166030592965e-06
-7.989998828948601656e-06
1.468323341315781521e-05
6.992185101139789026e-06
3.499745189114771323e-06
-1.137734734085152190e-05
-2.810959873106072541e-06
1.524783596839043303e-06
1.038249518954143567e-06
3.226322660889864401e-06
1.836814448002543464e-06
-6.118826439996923533e-06
-1.094925228858819330e-06
-8.643964725224607303e-06
1.016765542455614844e-05
9.873584722855507576e-06
-1.761989494101862099e-06
-8.293082043056176531e-06
-6.206783860781604650e-06
8.521048409324709212e-06
-1.461779659386862960e-06
3.043022286567141155e-06
-6.309709500702230194e-06
3.591029236773561915e-06
-7.833741195973833456e-06
8.433130506088256710e-06
-1.712312278365089375e-06
5.773903603667183653e-06
-5.274578963630042902e-06
-7.025345644294593269e-07
-7.847411911771437097e-06
7.332772495571597507e-06
1.586154995165566631e-06
8.842089034147954888e-06
7.384834622457581198e-06
-1.593625006062130279e-05
-4.775775831886288025e-06
-7.659065046776573056e-06
1.229267380153981007e-05
2.070903509773144429e-06
-1.856450844925080173e-06
7.300098267086824644e-08
1.508094571551597078e-05
-7.360341370038530262e-06
-7.913186231037496905e-06
-1.778210794127703766e-05
7.728319352661805561e-06
1.055808183458080513e-05
7.066618490727127148e-06
6.936189114258049305e-06
-1.526923506514131124e-05
-4.396331905699830223e-06
-9.051051323741831636e-07
6.246037998762654048e-06
5.975014105652380747e-06
-1.648371598466980126e-06
-4.885332483523866835e-06
2.052996785615094320e-06
-6.799323267152447374e-06
6.394353565954818885e-06
-3.457050264896681685e-06
1.573624489313830979e-05
-1.415188660921956449e-05
8.669450650570538616e-06
-1.451127232733321553e-05
7.412339520681047900e-06
-6.011883292415564470e-06
6.923203272160512809e-06
-2.258070285806384813e-06
7.067370983748839561e-06
-8.279771194610002869e-06
2.045921147358405816e-06
4.169711520702969095e-06
-9.401228148746934744e-06
4.589957805333673627e-06
-5.407876722008790908e-07
-1.499677078517659402e-06
3.014597636816186769e-06
-3.852179773399339128e-06
-1.674429348459637430e-05
2.001323973112356633e-05
1.203359686670851483e-05
1.359747020722037412e-05
-2.420943393000840583e-05
-7.174746676141837798e-06
3.439005399355786257e-06
3.980468309240019036e-06
1.254941843637771490e-05
-1.166064748213781806e-05
-3.749180930046492471e-08
-1.744522509757070300e-05
2.660649582895922567e-05
-1.106951825975211520e-05
9.370892098696563749e-06
-2.289354471149782365e-05
1.481789686940621965e-05
-3.741838894495817683e-06
2.241544130333815264e-05
-2.044155940377437731e-05
-1.098992540713579967e-06
-1.097902178612258121e-05
1.318264113067641649e-05
-1.002503934605778707e-06
4.349094541541189676e-06
-2.560441920618259195e-06
-4.139854221843978349e-07
-4.307250455385771616e-06
5.286337960697630052e-06
1.580187902410407874e-06
-1.006078011055589453e-06
-1.291788006768410471e-06
-1.059810185915635919e-05
1.245136963813460973e-05
-1.956002086182654756e-06
5.984151408220175354e-06
-1.190786678138595103e-05
6.622337664904933091e-06
-2.051112461045953160e-06
3.408862227291882443e-06
-3.119364511081016008e-06
8.086809691322141791e-06
-1.620176964263514535e-05
8.352558354288386550e-06
-6.520138645903834923e-06
1.552095706721782250e-05
-8.876341985625969399e-06
6.997901317325615520e-06
-1.195831406551025521e-05
4.307045465095529730e-06
-6.729533339875311596e-06
1.665389515261255825e-06
4.193139093598658287e-06
8.448756294754118900e-06
-6.261393523745758513e-06
-7.570480798231382926e-07
-1.311466237625555310e-06
5.203431934684346746e-06
-5.069279714118070254e-06
-1.024637153848075530e-05
3.601175125492600277e-06
7.763235145245174073e-06
9.841670095495006672e-06
-5.452888417979517941e-06
-6.168393540136160504e-06
-3.795260969285587408e-06
3.172317024455652928e-06
3.634876465417512058e-06
-3.984632005391855957e-07
-7.795736236679398677e-06
4.376288236841495920e-06
6.939267089201278045e-07
6.771421143458646548e-06
-4.777393933423148973e-06
-9.327142856319273456e-06
8.922895576831815775e-06
-1.564682046380923332e-06
9.273592318324915814e-06
-1.553132604372510720e-05
8.123116010173135699e-06
-9.292994814218397110e-06
1.337017355609070507e-07
7.809949568969212148e-06
4.269734655304798873e-06
5.896167649079412135e-06
-8.229385558899658952e-06
4.834254333422857345e-07
2.331756972303839656e-06
-4.060719519209988901e-06
-1.295216557851853295e-05
1.600757236123742319e-05
-2.522314299606632148e-06
8.402018292799517843e-06
-3.297456261987181990e-06
-4.958014492846486883e-06
-4.228624080563405394e-06
1.963873618568200634e-05
-1.579467808423286573e-05
9.468933954322054014e-07
-1.458937529641217109e-05
1.376300328272968927e-05
-2.550030678730207459e-06
-4.105094046054867923e-06
6.626462848756528232e-06
1.950414158027229464e-06
9.639667529563343464e-06
-1.310630888157172068e-05
1.203461380106614007e-07
-1.784649226431158026e-05
1.916370751201467923e-05
-4.086628387441217482e-06
1.572656066460478147e-05
-1.247618217541085874e-05
2.218991269011574537e-06
-1.290119357565159229e-05
1.170898946792610861e-05
3.701131592073108532e-06
9.248797075743234934e-07
-4.862286375387259477e-06
7.093113488150254876e-07
3.734238455758802627e-06
-5.656683028958290975e-06
-3.274072295591740289e-06
-5.246338286082513115e-07
4.412127877806235477e-06
3.739287124409215398e-06
1.473806123055753037e-06
-5.185399504515161460e-06
6.587121113830451258e-06
-1.245459696540853251e-05
5.833032846826664162e-06
-9.259450147022005629e-06
1.613463949568310442e-05
-7.667457029015557182e-06
3.024461046189422773e-06
-5.033368144799341197e-06
3.617012739622327809e-06
-1.731958234418339837e-06
6.539104796431253938e-06
-6.350703452650132785e-06
-4.656430676345732489e-07
-6.350516542229089048e-06
7.791288840811427509e-06
-1.054847398816644618e-06
3.607242079618042484e-06
-2.518865456446237057e-06
1.790131331886264192e-06
9.378733083165752840e-07
-2.475472861646652877e-06
-5.570225563084443390e-06
7.283276284944609608e-06
-1.595078105056900148e-06
5.797922065698795722e-07
-5.063070311482441429e-06
5.044750837902910683e-06
4.680016388406515492e-06
3.468053613087805195e-06
-9.250223907294399404e-06
-3.001255376560984287e-06
-6.530169142778723809e-06
1.180002686048167219e-05
-4.543521316805513536e-06
1.622584390843318384e-05
-1.523324117742960482e-05
9.084427980755229045e-06
-1.902328060276465410e-05
1.251895332933675353e-05
-5.374824409906933961e-06
5.110179394564314746e-06
4.162462142243164160e-07
8.868676569775046500e-06
-7.683911460458881678e-06
-1.730823767727561428e-06
-6.188243180355981516e-06
1.194192443493211177e-05
-6.580830688198022004e-06
2.729158259373928993e-06
1.191612590019446910e-06
-3.000990112469575019e-06
1.646308715322266999e-06
-5.500378871227371599e-06
2.590626679054242853e-06
-7.336228523605290992e-06
4.037006668806509726e-06
4.415842721221043834e-06
1.489181932672117094e-05
-1.537702025907681765e-05
-3.014988649439213420e-07
-1.235754197061500547e-05
1.161315306616784280e-05
1.420863800327744363e-06
9.645227363726346681e-06
-1.557406812409747876e-05
5.457196103672904124e-06
-7.927006669256828888e-06
1.029536386108606598e-05
-1.703311094007481916e-06
7.391783416016206370e-06
-5.820550563544158677e-07
-7.865810983642999507e-06
-8.414508720030664229e-06
-1.634344341634665250e-07
1.024783248968814562e-05
7.845050687577999208e-06
1.437764925293156994e-06
-1.000680599818053618e-05
8.098769391146661955e-08
-1.052226808140990018e-06
8.165209880557026262e-07
-2.172089113157932392e-06
-1.835916772866075871e-07
2.351315466519516466e-06
-3.571273103595916010e-06
8.304794812777849743e-06
-5.488120641105289412e-06
2.703355473169491264e-06
-1.025156099458816273e-05
8.558096198384715836e-06
4.823342022861863878e-07
3.662881084607542536e-06
-4.795958070051824923e-06
-4.112857523298726721e-06
-2.922119035454946118e-06
7.545026578322404701e-06
1.400940600512296435e-06
8.487396217542968852e-06
-9.809613911527056323e-06
1.239913720368522633e-06
-7.930526267099546932e-06
6.899483356657222971e-06
1.613163755520780410e-06
-1.879462729967790381e-06
2.862456751583821314e-07
2.337087155706096082e-04
