-5.464382509384716979e-06
7.753178881968125297e-06
-3.955940608118915406e-06
6.825316330338356895e-06
-1.312096251327462512e-05
7.163116512300029070e-06
-3.702178658189231585e-06
9.015696494276535206e-06
-3.839314811429328252e-06
-1.079341371295405519e-06
3.203147994266323373e-06
-3.345955087363033290e-06
6.575742742753642303e-06
-9.011811176716145755e-06
4.436073173672144109e-06
-9.425238340038859057e-06
1.073452582845877377e-05
-2.036723203209630399e-06
1.332000201686779040e-05
-1.199181937024202428e-05
2.304742424551459617e-07
-1.503310453060190863e-05
1.542724813537765566e-05
-2.242904347523751751e-06
3.107312581486020399e-06
-7.056603762615374736e-06
2.940723374709232487e-06
1.051085248645732181e-05
-1.234118670615744432e-05
3.253424262903938501e-06
-2.945665819560642015e-06
3.243972987317247865e-06
-1.137718612577717439e-06
-4.739268049287671152e-06
9.138842442662141826e-06
-3.864614567096122388e-06
2.882362694913096979e-06
-6.367889426264862143e-06
3.306977278330346882e-06
-5.444694294425080511e-06
6.879543513105800058e-06
-3.601123303338208039e-06
1.048997501366856505e-05
-1.578237276453192119e-05
8.827475743098541663e-06
-2.590456773686517129e-05
4.099952471803744425e-05
-1.677333763821774542e-05
2.659444378332110931e-05
-4.047385338779242909e-05
1.422417388072902032e-05
-1.718285815165858905e-05
2.449820260973386253e-05
-4.713302860139372539e-06
1.164910814627192436e-05
-1.822435956173119919e-05
3.027200262349977814e-06
-4.895006371827168398e-06
4.149557150023477887e-06
9.441755926773593035e-07
3.252829085428475383e-06
-6.794089473235532042e-07
-8.064064804255301048e-09
-3.068922176856747925e-06
-1.802473912709093125e-06
2.113788134746850481e-06
-9.137139381088066614e-07
4.384848689354441620e-06
-5.560419711175803575e-06
7.434889449601616069e-06
-8.115683702312741113e-06
4.823037450247472040e-06
-2.963307745619229897e-06
6.701228838048350440e-06
-8.296991312760916131e-06
-5.963948550813807993e-07
-4.080156736074943034e-07
3.761763944752176053e-06
-3.628844939750120047e-06
4.510331365944133413e-06
5.044894513949057720e-07
8.792646894242237406e-06
-1.201613883574691999e-05
2.653065492042481063e-06
-7.405689960446425422e-06
-5.655246499026891482e-06
1.007311245841606030e-05
2.773225035202249287e-06
1.276305338150764041e-05
-1.568971913899087488e-05
-5.440819572283144394e-06
3.295561478413381373e-06
1.075727634872654640e-06
2.635204006490967519e-06
-1.123806420528182786e-09
4.745551880877527692e-07
6.179047106894092439e-06
-1.196561992159462136e-05
6.208606281020355435e-06
-5.527687646861299422e-06
2.024881792551056490e-05
-1.271311538784198495e-05
-4.213430107446082511e-06
-7.190320339547972493e-06
6.489215400983423481e-06
1.427189213307139793e-05
-1.794200407221963127e-05
6.682905647121918373e-06
-1.932374985234628332e-05
2.386766805512215066e-05
-7.724435478350443209e-06
2.217507170551023300e-05
-2.359990800956716196e-05
1.648315302315223930e-06
-2.893234945505882675e-05
2.952112644697134323e-05
1.498257922533652095e-06
2.924151598113558514e-05
-2.864473268422211314e-05
-2.123098985949370697e-06
-2.042005024435785267e-05
2.179368979370506848e-05
-9.071230085445564149e-07
4.255146695941618375e-06
1.200262990810901879e-06
-4.632377757162333437e-06
1.743484667730804655e-06
-6.897890257717471821e-06
5.136344945388479107e-06
-3.190641289366632023e-06
-2.001479325369561837e-06
2.734661410659573370e-06
5.996596954643307194e-06
-1.715619352485145782e-06
-3.766112951121981112e-06
-3.598766212345342957e-06
3.650564000588775247e-06
2.848088238626225218e-06
-1.045659818772119801e-06
6.769793957740648111e-06
-7.089462497767856822e-06
1.968392755602965560e-05
-3.337460398438971967e-05
1.392577770148125028e-05
-2.073793455650959757e-05
2.795273605355390477e-05
-7.690073021997373393e-06
9.320406578442246582e-06
-5.955385646509563587e-06
-6.467031360943000427e-06
-4.611584065533552970e-06
-2.368299004789165388e-06
1.085799742834895602e-05
1.999759187412284999e-06
1.011587771546093558e-05
-1.227316976825237950e-05
-4.081055913244302342e-06
-1.000341002752919640e-05
9.277670469299658705e-06
4.084338775215686518e-06
6.230385896831994058e-06
-6.326662349866924278e-06
-3.005487111253074602e-06
-6.521773493391836864e-06
9.294110847075126472e-06
2.270680675909281837e-06
6.154335803307235003e-06
-5.292388359241850937e-06
3.611383807886908799e-06
-9.251373399569131408e-06
5.815941080698348620e-06
-1.145097670256620649e-05
1.160936432783011352e-05
-4.036805506267816046e-06
1.041419648516091087e-05
-1.055949021859270893e-05
-3.410655363490909151e-06
-9.718585404729748105e-06
1.518451100756373670e-05
9.253181315211379471e-07
2.231314879904707848e-06
-1.256494236086328761e-06
-5.535411836023225355e-06
7.916072881914187936e-07
-2.468915684292994542e-06
9.932089004995132086e-06
9.936039680604208271e-06
-1.605824164827827588e-05
3.369291967530296258e-06
-6.989424226868210411e-06
9.330173052652347633e-06
-4.683559943731297327e-06
-8.180659193926118690e-06
1.321229542753161327e-05
-5.106778568249436101e-06
5.206224492305813335e-06
-1.823843427003289173e-05
1.173961817408234799e-05
5.146987773257832198e-06
-2.591816957655009628e-06
-2.171181387807353258e-06
-1.392300746583596034e-05
2.853544089692837236e-05
-1.322287611613733054e-05
1.643880448310651557e-05
-3.409073777805458536e-05
1.657887355891634121e-05
-1.671014510536927665e-05
2.901406663127383256e-05
-8.576526406637357812e-06
2.747061695984877894e-05
-3.861259665568499860e-05
4.750113485525137721e-06
-2.804418444853708269e-05
3.585026248248160906e-05
-3.513434681931201786e-06
2.012135804227891970e-05
-2.711444406233220539e-05
7.630671197262116963e-06
-7.060016061560248645e-06
1.120718331532111164e-05
-4.374256406645655345e-06
2.493979078214676146e-06
-1.148430732202784238e-05
4.684924913757189731e-06
-6.219695607710053089e-06
2.155249831352906443e-05
-1.138779020192706144e-05
4.328043887680084832e-06
-1.157679792891798123e-05
9.219591453230251523e-06
-5.062402064993978643e-06
-8.011338599732780699e-07
-2.160743129745228460e-06
9.388198589749149848e-06
2.796764477736467459e-06
-2.947194917062038822e-06
-1.737841984839018692e-05
5.509413572303379917e-06
4.428383108096393148e-06
7.629982788349304142e-06
6.297868200230432066e-06
-9.836422331418072775e-06
1.457787453083218821e-06
-2.130463601594611463e-05
1.555871212925616061e-05
-6.035260299643851480e-06
2.261915964214156221e-05
-1.059667426243789373e-05
1.163204746340888449e-05
-2.283754227520360091e-05
4.249453824516750164e-06
-1.005585712467046516e-05
1.828621320493723981e-05
-1.785599813108689109e-06
1.248646497980729770e-05
-8.028475587196957119e-06
-4.952922127172027260e-06
-1.105519577562468179e-05
2.474810175638586361e-06
5.520637810566797884e-06
3.092079496383265213e-06
5.293237591335389557e-06
-1.164166874504869622e-05
-3.395378713847471602e-06
8.843667334922598460e-07
8.085762718664442518e-06
1.123746556536033788e-05
-1.072259439146497210e-05
4.442288311671102792e-07
-6.971894244059341420e-06
6.427689347407808982e-07
9.794197099870439782e-06
2.640779153821355419e-06
1.192599751336550617e-06
-1.092724052558606009e-05
5.355538835977190744e-06
-1.515903001421882405e-05
1.631036450471593229e-05
-5.212823673287179841e-06
1.836256752834545657e-05
-2.310533566937801492e-05
-8.915149444025595419e-06
6.305309487699256837e-06
8.248754974815509822e-06
6.212614946034846337e-06
-5.490263883487296506e-06
-5.972467585651136711e-07
1.046632167052133788e-05
-1.261751403597017638e-05
2.429520005586003470e-06
-6.071253664904487459e-06
9.979857309977492098e-06
-8.023032425860573066e-06
-1.311341166971756943e-06
1.154483844687553381e-05
-2.161348880717833557e-07
7.293287453569625661e-06
-2.510284424108643071e-05
7.889989042419271684e-06
-6.334288436781910985e-06
2.482136828157788366e-05
-1.249697210828047632e-05
-1.388968049977399146e-07
-1.305569622011599571e-05
4.929292705995751261e-06
-9.933389113705183142e-06
1.910799280858946803e-05
-1.586199094879888136e-06
5.432533265572441747e-06
-1.556350648436693844e-05
4.810320703324818242e-07
3.497729204951273525e-06
9.417218497354586511e-06
-3.304261788671681189e-06
-7.842551718216303068e-06
-4.339968393929765161e-06
4.055030656011895266e-06
8.939575427554013589e-06
1.906972554452351893e-06
-3.894772143987231961e-06
-2.760388904577359102e-06
-6.435457115506422384e-06
5.632312690658103444e-06
-7.430108003345765560e-07
2.731747995646276152e-06
-3.765758889612134471e-06
4.183309576463014725e-06
1.735585219929004362e-06
-6.595698228574288065e-07
-1.046224103190387378e-05
5.398548407557577234e-07
3.237107531185510589e-06
1.981569338986113215e-05
-1.314876924283010777e-05
9.150397597858488384e-07
-1.021575220367488963e-05
5.569451664720495324e-06
-1.878178374120657916e-08
1.774702393914461668e-06
7.410035067724481293e-06
-4.191703580833665811e-06
3.936883512128740392e-06
-7.055015511181559231e-06
-6.039913687430203552e-07
-9.162298806000895781e-06
2.330027781420000027e-06
9.821873312789420837e-06
4.964736673579887677e-06
4.122248550285525739e-06
-1.076707820340324658e-05
-9.084835286560692745e-06
-4.075582222985709695e-06
1.214116540107086539e-05
5.569827160916420054e-06
7.917954975710355796e-07
-4.880397064631599690e-06
7.109349706387092736e-07
1.920880691145661765e-06
1.918893748148728546e-06
-9.505372270871098077e-07
-7.320498280554107937e-06
1.347474109407196066e-06
-2.822977881057498747e-06
1.001462646574693777e-05
-7.743913871907393901e-06
-1.536282424967517238e-06
-4.890098596614355091e-06
3.174383180652894711e-06
5.641281348592985096e-06
6.915365379785581325e-06
-3.775472548437440898e-06
-1.649516349658222651e-05
2.267326420801531691e-05
-1.337387808938764167e-05
1.407859223731762453e-05
-3.521215177700647773e-05
2.873584190952558701e-05
7.807621803796274503e-06
3.763661877040531956e-06
-1.395629766349729664e-05
-5.398149652403968801e-06
-1.587626271520462738e-06
6.627613116411196816e-06
-8.518827616710615628e-06
7.719248422865872898e-06
7.401883606681288348e-07
-3.647227329169148590e-06
8.032518205564129487e-06
-5.399289268358561488e-07
7.301786083077510010e-06
-2.208842689156431660e-05
8.117299201060896739e-06
-1.275966258862204852e-05
2.765778401551033974e-05
-9.145683780261504040e-06
9.493192734570035510e-06
-2.698545901310377138e-05
1.921604900656289364e-05
6.753967024155090745e-07
1.318775101372984365e-05
-1.583201579535239536e-05
6.131476768438716565e-06
-1.677151951525670691e-05
1.370758621531151535e-05
2.285937714409104856e-06
1.067106583528517740e-05
-8.048369477373766860e-06
-1.155177157442190594e-05
-1.538045083341281952e-06
3.480482982272315441e-06
1.134802945306490266e-05
1.847792651728573734e-07
-2.703063213565191913e-06
-9.474086525982828200e-06
6.085404845018901437e-06
-1.481769578866129640e-07
-4.111986129809133044e-07
5.996585013219201174e-06
-4.689668190135714356e-06
6.179143015379152831e-06
-8.652432591427290545e-06
3.344049775018481321e-06
-5.256726914799441565e-07
-4.712542242108272738e-06
5.764334462008555761e-06
2.014671568565614454e-06
5.288545166912218061e-06
-7.032549807046434292e-06
-7.083029657194853256e-06
-9.216580620365529855e-07
4.342943822782015860e-06
6.494127754085802628e-07
5.817852324527682977e-06
-4.328598069373872751e-06
4.265425021509068373e-06
-1.000751128560093480e-05
3.906921021873948840e-06
-3.187282610722446453e-06
4.485933054214990888e-06
-1.490136947597670488e-06
1.653223095388302912e-06
8.062393048458041820e-06
-9.249936985680593473e-06
4.749419123429161759e-06
-1.772848863486237338e-05
1.259543036975042723e-05
-3.985035197619856648e-06
1.888094908582595369e-05
-1.561030636222147822e-05
9.446769818553096753e-06
-1.709943307993323672e-05
1.104181426814671752e-05
-1.242637847968209330e-05
9.355462432572915859e-06
-5.466470398817520275e-06
7.693964344169052302e-06
5.444595858746420196e-06
-4.756731403929891628e-06
-1.030867208707593750e-06
-2.082397707038097684e-05
1.891400841970206816e-05
2.323463304371627813e-06
1.774887424564969976e-05
-1.519384792773116393e-05
-1.948047122341160591e-07
-1.996040600733920770e-05
1.059086567720305964e-05
2.709768433164499759e-06
9.913948791277580876e-06
-3.046108460166968964e-06
2.785155448020597503e-06
3.029987516790938010e-06
-1.397970244272333176e-05
-1.715277639863935027e-05
9.032641768745423329e-06
1.213889270730124373e-05
1.476011243526966463e-05
-7.825017748429699863e-06
-9.608042046804645312e-06
9.204247803623045017e-06
-4.203817099716394815e-06
-3.853911452981072626e-06
2.233491034368938080e-06
-1.053798727375380558e-05
4.234532012210391490e-06
1.836487534762721409e-06
8.594204230195502100e-06
-5.399831779459693814e-06
2.438278530750099193e-06
-1.252917348332234251e-05
4.513492943655894444e-06
9.962252324152332688e-08
2.202073207594897370e-05
-1.969848148340987777e-05
-1.030511443103943633e-05
-6.284320856904426598e-06
1.624607952646683272e-05
5.869593674079354512e-07
6.294435686964409157e-06
-9.509057889227852037e-06
2.386402642838348937e-07
-1.299788478515356947e-05
9.006505633514821200e-06
6.079531784567244496e-06
1.007433505902743419e-05
-8.421311636474712435e-06
-7.695307670031423139e-06
-5.429067026234044375e-06
4.841641423138691020e-06
3.759317020489422478e-06
-5.633445629736540420e-07
4.011106755138230335e-08
-1.241163836747570709e-07
-4.634306639456988551e-06
4.202200609074373901e-06
-2.153505201403344729e-06
3.898900287595674161e-06
-2.663027015428075220e-06
-4.851204845543044604e-06
9.228160745795625054e-06
-4.165845949284358827e-06
5.060558570425073896e-06
-1.129968676274149142e-05
4.034600248116898523e-06
2.055711030210824019e-06
4.804433921159879822e-06
-1.105390956930651458e-06
1.737998024607307116e-08
-6.839071657115906589e-06
2.810285927339864660e-06
-5.418615054219461859e-06
8.708581242115129853e-06
1.172450992391467598e-06
2.404705858350960373e-06
-1.795812323752049790e-06
-3.859768906194424926e-06
-1.577116459571722883e-06
-4.251452566967524191e-06
8.516333130942154534e-06
-4.001903830283636908e-06
1.130013267234062113e-05
-1.040195712104218085e-05
4.031753713137732854e-06
-1.412218948446431598e-05
1.322540989614929797e-05
-8.202628889251944137e-06
1.659996729479800291e-05
-1.046442254459101699e-05
1.147841267005841783e-05
-1.055007518491998851e-05
4.480216702953581778e-06
-9.428070058900802608e-06
-9.870037271236944488e-07
5.854167861899758194e-06
3.329001427337909401e-06
1.474027647540623661e-05
-1.728285442877070132e-05
-9.541520138437978749e-06
-4.160559351329562794e-06
1.154777891473037974e-05
4.473934475740068218e-06
4.340201319002561203e-06
-2.240475159584109021e-06
-2.554971590333794256e-06
3.717208491695307486e-06
-9.233191214280857132e-06
-1.149298140087381379e-06
-1.630922091515191728e-05
2.354044209548233516e-05
1.155594864626135820e-05
3.592695435424184770e-06
-2.239331129063361415e-05
-1.561448599833201869e-05
5.648543578270751226e-06
1.552978525235167476e-05
-2.607877864066759971e-06
-6.074804717778939875e-06
6.895636692625329911e-06
-8.831486732225176723e-06
2.065497258008413206e-05
-7.214562144247995398e-06
1.062058234745910205e-06
-1.520639186644912878e-05
7.512636047214541453e-06
-5.087967091818324017e-06
1.812326276227630892e-05
-6.589087627272771983e-06
1.326013376792794798e-06
-2.340545049336427888e-05
1.548985574198449283e-05
6.399702007132933437e-06
4.927548770295483559e-06
-7.546400259311184297e-06
7.902888129443572305e-06
-6.236354635588225412e-06
-1.579100027482065129e-07
-1.297881252098079198e-05
2.008210548362303176e-05
-5.057955538385281377e-06
8.176633255153165392e-06
-1.834074065603189132e-05
4.603161160451499861e-06
-6.402525724272976523e-06
1.510188580149212852e-05
-3.097327683589261467e-06
3.409806067001224848e-06
1.219781595999444241e-06
-6.600821927495040781e-06
2.291735398473954203e-06
-3.923960462052627826e-06
1.411862873503057404e-06
-1.649035788651016416e-06
3.503252959435497033e-06
3.140018291094777875e-07
9.277023644878963629e-06
-1.385110394747520016e-05
1.823543689627000440e-06
-7.251011209733310319e-06
1.272976316112461311e-05
-1.466544045310748288e-07
6.357878139058810495e-07
-7.325385800388696156e-06
-1.723232991874316517e-06
-1.517736846618083254e-06
1.063863566799969198e-05
-3.100659176211082253e-06
2.153548428587123984e-06
-5.266508895873710325e-06
-3.249398023461642163e-06
2.857999267848400466e-06
-2.816329127890704196e-06
5.044082175674352518e-06
-5.092277589909059745e-07
8.061208653879076147e-07
-4.783229252940515762e-06
4.972255383524173909e-06
-4.996538784982905941e-06
4.689730296053368967e-06
-4.784437269603404116e-06
1.106090304222139670e-05
-9.508786598356655295e-06
4.104554950329759992e-06
-9.831954463840926410e-06
5.249652437352281056e-06
-7.349063242562550935e-06
6.041784862953067756e-06
-1.917646025166596190e-06
8.060270932283963293e-06
6.385851678471246326e-07
-5.958703940581491201e-06
-3.175662362066701715e-06
-1.332073015283762697e-05
1.651410418294926657e-05
1.555728314627360579e-05
-2.813537818091388932e-06
-1.009954633919129741e-05
-1.057542790855879570e-05
3.484160236884183172e-06
2.316131407814478768e-06
2.586575080061791223e-06
-2.884697166593456462e-06
4.158417893667203905e-06
-5.078616036143220676e-07
1.546316137383121968e-05
-1.737171612466842217e-05
-7.304789523917135230e-06
-8.422982621392963181e-06
1.938532019524722035e-05
1.859804490952728291e-05
-9.975606107423892624e-06
-9.057889583740821087e-06
1.948788612989737316e-06
1.011102518504027857e-05
-8.478715958304272338e-06
6.855826244496066945e-06
-1.739118672528528880e-05
5.774391773419968940e-06
6.974601529331980203e-06
4.462687190357280163e-06
-4.754401833812051269e-06
-3.375207464944418302e-06
-4.307273993873526690e-06
1.948494285343988953e-06
-1.699110230526935398e-06
1.380523545393345757e-05
-6.746986681089140283e-06
-2.163920707423032382e-07
9.894709565184668610e-07
-4.015777956693436043e-06
-1.644624754017876234e-05
4.197238078959540606e-06
9.409810094357677954e-06
2.569292023582792211e-05
-3.186880069520583092e-05
6.577477768323753730e-06
-1.437513992625472823e-05
2.604349590689910001e-05
-7.935307029617739486e-06
7.322894715563844640e-06
-1.744142669972344826e-05
6.744537990812471809e-06
-1.011734058195032547e-05
1.046334143748308884e-05
2.556472553519071814e-07
9.318171456900778670e-06
-1.854297252542866424e-05
8.688311528037194692e-06
-1.044852629759361593e-05
1.552413602101448877e-05
-8.062561256299328484e-06
1.813585616437522383e-07
1.591020973943693222e-06
2.450038784965219795e-06
-2.090900958984220994e-06
-3.294292786036003812e-06
-5.836884733017855841e-07
2.967290243802157378e-06
2.852317969290066067e-06
1.608304456615952817e-06
1.255667295769282259e-06
-9.032593629447384381e-06
4.018942167641832373e-06
4.487121986744395125e-06
-6.567586124272318211e-06
6.089228435848559294e-06
-1.102363977714588913e-05
1.884991740549941239e-05
-1.151341800922452404e-05
3.435476197539715336e-06
-1.266989217577589289e-05
1.371734498336961062e-05
-5.564966560428130166e-06
1.329559372676586233e-05
-1.181464842225401505e-05
8.932667099033902725e-06
-1.593339228575811530e-05
9.734253896230513837e-06
-8.810555811391889832e-06
1.171933668506943611e-05
-1.163855981160698535e-06
7.097327171706461260e-06
-7.936372854574312840e-06
8.889902896104262688e-07
-7.760795300021378881e-06
9.560924652491709693e-07
7.851532078033830308e-06
6.594483774503068893e-06
1.264974663137731300e-05
-1.956622882564052951e-05
-1.659701175079914947e-05
2.282846036564788127e-06
9.977152897374194250e-06
7.858153231627785099e-06
-1.394155441480319103e-06
-1.654490783002188014e-06
2.587937762429415852e-06
-8.450776995827277734e-06
6.675210682721975787e-07
2.955492625435982837e-06
-9.722416687353076733e-06
1.138043819255610929e-05
9.592563944273944785e-07
1.097677745234480978e-05
-1.430029515368491656e-05
-1.883711724330096733e-05
1.057900735990800828e-05
5.179138969055312422e-06
5.226638820321848660e-06
-1.239626332676164394e-05
4.405182843376025348e-06
-1.376040817158535111e-05
1.354361207219347839e-05
3.794168606436295520e-06
9.134252350264039749e-06
-6.057028271148303978e-06
-7.020261413431375287e-06
-6.516749491991961838e-06
2.857733269775394349e-06
7.376464222375843382e-06
8.114285432143021574e-06
-7.506837417673410204e-06
-3.315731943478379446e-06
-6.258777534584243662e-06
1.912756771234459272e-06
6.738373613966840289e-06
1.544663727249435484e-05
-3.000977782760576106e-06
-1.249342982590047541e-05
-1.972371117487389472e-05
2.349399288912289919e-05
1.451219650960751880e-07
1.522351958693273714e-05
-2.593567149073102188e-05
5.814781265689064601e-06
-1.200374242763887778e-05
1.749561509644712875e-05
-5.223207912625560228e-06
1.194069425971452598e-05
-4.980331597896532433e-06
-1.835090522561440269e-06
-8.647354857185279598e-06
3.514107375910511416e-06
7.588142296364919941e-08
1.029032527138069668e-05
-3.002491414760572941e-06
1.708451932937432481e-06
-5.517460874016281941e-06
-1.164189700073398073e-06
-9.233973849339894124e-07
9.240495216496898633e-06
-3.008507968839336990e-06
-1.102046299415346966e-07
-1.370181838723984727e-05
1.332672868835467950e-05
-5.216712701266925257e-06
7.204024666669649302e-06
-6.279439935759041565e-06
4.701337839447960077e-07
-1.119362285911801782e-05
1.452856091653566385e-05
-5.678472310378023671e-06
1.415507556423404970e-05
-2.093114504300018660e-05
8.743721056665316394e-06
-5.812271828451607586e-06
1.047975490244575459e-05
-7.888742125280919095e-06
8.119247824574922728e-06
-1.059186841881800743e-05
5.471799978685507564e-06
-1.324054704454624359e-05
1.454579101053746520e-05
-4.430013590033787616e-06
1.584673271493587497e-05
-1.463077009176084119e-05
-9.533067862042523527e-07
-1.252504606376457456e-05
1.238272859477623815e-05
-5.603519859156573985e-07
5.607571328679153206e-06
-2.935758132156507203e-06
-4.172990748000421406e-06
-2.650657936861472077e-06
-5.148531729267657466e-06
7.315754112643097794e-06
1.207935066704028383e-05
-7.582989500137614579e-06
1.727174138594422049e-06
-5.321831172474578603e-06
6.322722540388146564e-06
-8.229885549664532669e-06
-1.841387095262693025e-06
-4.072540137752272603e-06
1.301122524711772555e-05
-9.032600166393343145e-06
2.448924862374732782e-05
-2.065554094328460967e-05
3.509391486410789431e-06
-1.921187443466023935e-05
1.983485533526530925e-05
1.291260831747750745e-05
-2.327348447543398552e-06
-9.708382715558587907e-06
-1.226016223300019784e-05
1.021905484858917306e-05
6.568275815065746178e-07
1.419986452467086687e-05
-5.915756757206324431e-06
-8.874395355017195922e-06
-2.127067318354795253e-05
7.163473547855885259e-06
1.441177948738807624e-05
1.635710573871761300e-05
-5.625093689507147446e-06
-1.044567226516691745e-05
-1.400364292701018518e-05
1.095048976801449841e-05
2.649496239945362689e-06
8.658875562251787622e-06
-1.772101678993878870e-05
7.983696084054128883e-06
-9.075223267359211178e-06
1.401923962439295057e-05
-4.099257330829848221e-06
1.496824272042493702e-05
-2.003305955649254620e-05
2.830689292658191158e-06
-2.146037940849549757e-05
2.970632321192339477e-05
-6.570750656272514629e-06
2.003589074568147918e-05
-2.441795298648408882e-05
8.037335597309246184e-06
-1.751969329469119728e-05
1.654818554787458227e-05
-9.611304051295705312e-06
1.740154337778081136e-05
-1.386092247600173339e-05
6.211601160788544404e-06
-1.515336070445201004e-05
1.022571374720707688e-05
-4.407308348911601772e-06
9.552409560866567396e-06
-6.768002424418662703e-06
2.468317533252918652e-06
-1.059164128182380527e-05
5.457330522100754363e-06
1.664531744891330934e-06
1.352074893817162270e-05
-1.159880821104594990e-05
7.475447290905145604e-07
-8.690338395474820501e-06
8.652926252618053395e-06
-3.485121150656405381e-07
1.062818164098373183e-05
-9.127579204559752428e-06
6.359755981246912181e-07
-9.867607522914757624e-06
6.081046596248433845e-06
1.507985126658100813e-06
7.845654128571889275e-06
-2.042409887634374417e-06
-1.730873663305134818e-06
-7.867794261131314369e-06
4.001982650335834512e-06
-1.234801662417430449e-06
9.875197879033643673e-06
-9.286412563946813936e-06
6.060469192008458350e-06
-1.287167934237606374e-05
1.526181556878528835e-05
-6.245541211367039975e-06
7.267754433401672645e-06
-9.651316376628647032e-06
3.749491910188177620e-06
2.845515076689749263e-06
-1.119046431215043387e-05
1.126301778657775305e-05
-3.027887214228236676e-06
1.194146606578238906e-05
-1.217955188866167609e-05
-2.985477552726254026e-06
-1.954169219301510808e-06
7.117305852506527474e-06
-1.290846346422105927e-06
4.482908827414868941e-06
-5.291543761595378504e-06
7.445477354966472137e-06
-5.343135207737235511e-06
-3.082217955001972655e-06
3.402362052412939375e-06
-1.071787343647328824e-05
9.216069142893314645e-06
2.778080116472146332e-06
9.309675765298145497e-06
-1.305350824302328492e-05
-1.050757788469398153e-05
2.193339776952027875e-06
5.480108318972381278e-06
9.877706680223525198e-06
-3.222550830536885065e-06
-2.076831402814871476e-06
-9.510928975924731743e-06
-1.284485929030839026e-06
6.566993656849665358e-06
1.473815901249258243e-05
-3.432518738857692601e-06
-9.631788798559669468e-06
-9.894567162297633178e-06
-6.303478554482144498e-07
6.838723100406291844e-06
7.008807978534608718e-06
-2.383136980033549699e-06
-2.293407148892311965e-06
-2.375892389360636783e-06
6.457018970116231728e-06
-2.715547563777495712e-06
2.682944692390455602e-06
-7.758819073197208952e-06
2.696015359054847948e-06
-7.115359704046674091e-06
1.291640471694417521e-05
-3.327148092920441321e-06
9.146724224271478949e-06
-1.746740983381178899e-05
5.277974809087919168e-06
-5.114911503051983947e-06
1.010015281462168790e-05
-6.209154363392023293e-06
3.285296854970924579e-06
-5.861851448331607260e-06
1.011965180130181460e-05
-4.743329855595361202e-06
6.264099816862023792e-06
-6.459292966239415806e-06
4.415376175347723731e-06
-6.442179078680963287e-06
5.466309186594671070e-06
-3.585829182697124017e-06
7.211741536576196521e-06
-5.630365737503491663e-06
5.899303782557909215e-06
-5.118616464747807282e-06
2.311682410485272552e-06
-6.386710613236167655e-06
6.904835951412193355e-06
-2.499071631419042059e-06
3.469522310170416488e-06
-3.975851608411292226e-06
4.150640175673167002e-07
-6.816189180732810754e-06
5.499540292488367511e-06
1.513959037555519980e-06
2.463992231032799997e-06
-1.564959801095932012e-06
-1.453910552725417563e-06
1.488057507415898161e-06
-3.064869162518033305e-07
-2.474422130590330291e-06
1.246910201013973424e-06
-6.057315763166287088e-06
7.414562928456900910e-06
-2.090649508432284494e-06
4.239924716049812452e-06
-5.873529205182398091e-06
3.947944374981461481e-06
-3.187621690408588677e-06
1.100863617781235816e-06
-2.716645660692498983e-07
-1.444944755088829362e-06
2.038118226249789870e-07
-7.854367220267462321e-06
1.851242070466770223e-05
-1.252520890347667516e-05
5.487541461244974556e-06
-1.304130541414174368e-05
9.465374483696068717e-06
-8.201481630838277823e-07
3.895672685005070069e-06
-6.512144507529861105e-06
2.590977076235429114e-06
-7.815328018655984818e-06
6.424083971702273767e-06
-5.312708490745253534e-06
7.791056630020851671e-06
2.162810539152511748e-06
-1.759280956821098693e-06
1.271292561668368946e-06
-3.156172512606547355e-06
-4.575550769141720792e-06
-3.560585038233285145e-06
5.968318128182418500e-06
1.107561271803687057e-05
-3.647589706034559109e-06
-1.138670058806849085e-06
-6.694085382748943687e-06
1.222878522552884015e-06
3.875498236971222749e-06
1.630810424023741730e-06
4.922794541191698067e-06
-5.809187885619495543e-06
-3.674297123364725146e-06
8.571539416324402451e-08
4.605212461080715214e-06
-1.788915073987384905e-06
8.177297293299248126e-06
-3.640156360733164175e-06
3.346263867599166067e-06
-5.829073693982947841e-06
-1.744317696815602306e-06
-5.997301331986888264e-06
-1.215657318981439745e-06
6.602937389255608202e-06
7.216284366139012597e-06
5.515319604778864493e-06
-6.238552730870576359e-06
-2.201718274998555743e-06
-4.333136755062800389e-06
1.565281637442259043e-07
7.841748102821466133e-07
2.445218152905830263e-06
3.533828057742956287e-06
-7.976874534632053413e-06
7.495586779716987419e-06
-4.556809252179051157e-06
9.352991822663748829e-06
-1.028912417281011534e-05
1.030624602979478425e-06
-4.206308584528511795e-06
6.334641292510995236e-06
-1.463463873930431147e-06
4.932692859678590965e-07
-6.171162585003168332e-07
-2.167355135078624332e-06
-6.681928734810601821e-07
-2.077542306120503944e-06
4.552270492725269126e-06
-2.879692890659076311e-06
2.557941911952531527e-06
-2.286734009143897848e-06
2.987545724159199036e-06
-1.927470129965480478e-06
-2.328174805581114982e-06
-2.815903256123856084e-06
3.947199699442076608e-08
6.351658434784538318e-06
5.779014965327796704e-06
-9.944480919336533137e-07
-7.508327767779167185e-06
1.074169588171879532e-06
-8.529001462487956626e-06
1.008537225459441932e-05
-6.062137561976447021e-06
1.246132792395612167e-05
-5.093476028339766399e-06
1.916158997789556880e-06
-2.887209046105025373e-06
-1.373313623922495556e-06
-1.039752838609695164e-06
-2.819293493650145492e-06
4.682592055728885768e-06
1.533765325193557971e-06
3.677082793091341984e-06
-4.531537380745949104e-06
-2.555452048274064333e-06
-4.894391191138427644e-07
3.739666842448670554e-06
6.692234373005147551e-06
-1.607185670993235098e-05
1.070666032187980875e-05
-2.398676630964777026e-06
8.942348029394332347e-06
-7.426084196782820851e-06
-2.314820949869486017e-06
1.114791532419532762e-06
3.748472888154961814e-06
1.737566423736916079e-06
1.492941283146690088e-06
-1.614749832373986542e-06
2.155779023658666373e-06
-1.081984061217565778e-06
-6.184904801674592087e-06
1.305460667814259736e-06
-3.114361784002473398e-06
3.937432180997713373e-06
1.502455169137729166e-06
6.740358749429922638e-06
-6.202865773282237918e-06
-8.633078572268852670e-06
-1.632130857233834062e-07
4.146806062150961615e-06
7.440049295457106952e-07
3.182396245449006289e-06
-5.942082180315468509e-06
7.573726842609717791e-06
-1.265049606279129029e-05
9.162292482778005664e-06
-1.660738783681004973e-06
3.400137634168830394e-06
-5.687929746104390362e-06
1.195147283014858118e-06
-7.481257828040769992e-06
6.336466374565052731e-06
-1.197148202976767993e-06
3.966466452071923171e-06
8.892662884328886842e-07
-1.055187626309080925e-06
5.912174158203289154e-06
-8.702629043353578568e-06
2.407317416818521272e-07
-1.132522611170823047e-05
8.733421863589823243e-06
-2.332477042715426529e-07
7.909194007312630949e-06
-2.660185149385930001e-06
-2.583061262099223314e-06
-6.030646269249744632e-06
1.977444817006142002e-06
1.338185468314917583e-05
-7.630566470428771435e-06
9.963058675366837764e-07
-1.540416202715136674e-05
1.335150741944490988e-05
-2.716626047782654739e-07
1.449713448332656288e-05
-1.279300525395654547e-05
-1.340956219736251262e-06
-1.100715011965467118e-05
4.645881506905163440e-06
6.318576218745613322e-06
7.963236054733778682e-06
-1.329984194934067299e-06
-4.750589930617323106e-06
-6.859768915760196774e-08
-2.856180447358417522e-06
3.715263521529754679e-06
-1.538011478692806731e-06
-2.369301737860981219e-07
4.852784450848730895e-06
5.187695533086715105e-06
5.851056010520171472e-07
-1.017732029669971008e-05
-1.080272794726867777e-05
9.935408331182801178e-06
2.979581461339734548e-06
3.502868597553816682e-06
-3.915979202889980073e-06
-1.811496486463334328e-06
1.720710853929973756e-06
8.076083344962969940e-07
-3.382464895448079202e-06
1.958184716727546440e-06
-8.960002077731521786e-06
7.346162734623699783e-06
8.141276743752247741e-07
8.340746160298835956e-06
-7.712071146227320322e-06
-6.432437212813591575e-06
-1.754717583945831981e-07
4.565260461458458888e-06
6.379248633568893978e-06
-5.136562357370889270e-06
-3.460277836550794395e-07
-9.845845423461236496e-06
2.087710356057837673e-05
-1.308564348336696431e-05
3.681653860201255626e-06
-9.411633942479430293e-06
7.264002475650617032e-06
1.358859902660934986e-06
6.322380350088841790e-08
-4.341848193893760679e-06
-2.582366387269137286e-06
-5.187760021479012634e-07
3.566938158916051129e-06
1.090396252992916723e-07
-3.384716735745096984e-07
1.623296243797260670e-06
-2.842737434285980305e-06
7.575969128371268731e-07
1.676015607641795271e-06
1.193250872476399872e-06
-3.242594330380363597e-06
4.594459982730406366e-07
4.521291306795456087e-07
4.153117087133222119e-06
-1.866306336005242218e-06
5.744293412429903556e-06
-5.637349216589207156e-06
1.468145415580183335e-06
-1.274591617029046138e-05
1.440252257261145010e-05
-4.957505978766568895e-06
5.134150537614178873e-06
-5.104500971043967181e-06
1.136925104036782066e-06
1.668807676593107200e-06
1.660527788709771288e-06
-7.576893891044068801e-07
-5.491714884717926989e-06
7.539596593988858044e-06
-7.100599613694414988e-06
1.070398442748437481e-05
-1.961977078806279403e-05
1.664618734129123587e-05
-9.853627020843229935e-06
2.443589467520779535e-05
-1.801526612379885303e-05
5.416229918603563724e-06
-1.485689380687997637e-05
7.897202243217065902e-06
1.568158344806712653e-07
7.143388236099186046e-06
-3.680604114886196638e-06
-1.082931742175133284e-05
6.293384467908953009e-06
9.599956291082569978e-07
1.407835954254532802e-05
-1.382179282193751265e-05
1.583253087635613438e-06
-1.247914425504982735e-05
1.552307214062695836e-05
-4.418684723195436228e-06
9.037260090695703447e-06
-1.034414467553916035e-05
2.155791001067924883e-06
-5.083843330828162519e-06
3.608306937511099576e-06
-2.255611562681089307e-06
-3.857367497583685166e-06
3.170103935997383755e-06
1.080650816530441652e-06
4.478510986158112486e-06
-4.748058267418268927e-06
-4.415342533290618612e-06
-7.268261111650420932e-06
7.721253510670334467e-06
5.623211279446488589e-06
1.054256229603968783e-05
-1.223815498409277992e-05
-1.921394935338654661e-06
-5.179844812060957863e-06
2.799319545946038916e-06
3.175080542785378512e-06
8.631570240115336363e-07
-9.298983654911817869e-07
4.891763268479939098e-07
-4.782290849781164369e-06
1.311924924836419243e-05
-8.400553240126724049e-06
1.589953343589475503e-06
-1.337866093434987233e-05
1.060720127713001038e-05
6.241221750270798948e-06
4.019470752122546193e-06
-8.576058991215623181e-06
-5.573409598535191157e-06
8.012552539866464780e-07
5.437466119805629608e-06
7.677260089934691246e-06
-1.765479652837609114e-05
9.767920212371417331e-06
-2.318453201210396078e-06
5.295382701726601781e-06
-3.520424073161545037e-06
7.834692142970702518e-07
-9.207874052055931986e-07
3.011697275559332983e-06
-1.663017000786186807e-06
4.675568310177663674e-06
-5.113845882440464180e-06
3.399165959580078095e-06
6.807005031225757513e-07
-4.233754371281999069e-06
-1.589085854856293022e-06
1.346956784971244525e-06
3.904013283944220052e-07
1.555422599324933583e-06
-4.616843386747770044e-06
4.592448226662658957e-06
1.927606854581414066e-06
-1.811673608599328043e-06
-6.420454304660373168e-07
2.242486983966221520e-06
-2.978883870053365735e-06
2.861240678822105814e-06
4.624797561756060875e-06
-5.154767350819503222e-06
1.215040309293457756e-06
-4.311020483825342734e-07
4.107743772461346275e-06
-1.671842869676844757e-06
-5.029249111728735496e-06
1.074276269541974693e-06
8.553687667718271015e-07
1.051063711882232920e-05
-1.847431023251878496e-05
1.049465062527399527e-05
-1.468918116068920716e-05
3.319965443191976633e-05
-1.999458866581910524e-05
1.239709300185883697e-05
-3.454749751422666102e-05
2.149031656390047897e-05
-7.502244407792344876e-06
2.511935479655101307e-05
-1.453573520588607029e-05
2.819292541403959960e-06
-1.966549094656424082e-05
1.259857417563109459e-05
4.864320524276933689e-06
5.764657532158825188e-06
-8.055493059985289599e-06
-1.025574466339607497e-05
3.829605642834216987e-06
3.890617969754327658e-06
1.218962938895497165e-05
-5.855919487385975320e-06
-2.883626477247692788e-06
-1.229260506953946545e-05
4.326310074999422112e-06
5.425011964413012770e-06
9.860044067827006034e-06
-4.354179689063402190e-06
-1.929534824464996123e-06
-3.238580521796674049e-08
4.857772888599775780e-07
-1.791967536467649359e-06
-1.149534226189866698e-07
-4.462658451158893864e-06
1.044134376821663020e-05
5.119315431865283987e-07
4.718468607388133321e-06
-1.321037299076054520e-05
-6.451133924641493392e-06
3.332168742066434860e-06
8.171105248990494048e-06
4.940131895544165846e-06
4.927962909554087556e-06
-8.967489732166575520e-06
-4.927757447874600454e-06
-3.420178152390278303e-07
3.923049729815374922e-06
9.380013307325715582e-06
-1.184055376730714630e-05
5.641920828280236501e-06
-4.934086417403164891e-06
1.202766826047798038e-05
-1.001128236246003412e-05
-1.129639168171890880e-06
-7.156003652169219270e-06
8.589168931275969180e-06
2.082941517166699617e-07
3.375498637324989756e-06
-5.776310432897343116e-06
-1.216563724962880841e-06
1.243918214511861953e-05
-9.723080991349292986e-06
-2.510434825758073888e-06
-2.809856948452732423e-06
5.118033047971368999e-06
2.271195567178412742e-07
4.840246372540041866e-06
-7.305633584914332941e-06
3.529771105682142916e-06
-1.203439594084041044e-05
1.019550820960379607e-05
-5.009275335705296004e-06
7.519842587477604599e-06
-2.292070562425945959e-06
1.809950050601842638e-06
-9.953939188151504508e-06
7.756921139049127839e-06
7.170561956490693878e-07
1.301770442000526965e-05
-1.319593821019679503e-05
-4.746062839380600442e-06
-2.998046882495528622e-06
4.153133253453795699e-06
-8.915470575942399653e-06
1.389454394400292382e-05
-6.953738585102073093e-06
1.486251386021264877e-06
-4.146609916755603580e-06
2.124024196057306449e-06
-1.364808874540312836e-06
-6.795314189269617880e-07
7.129327468445235863e-07
5.720366386707165933e-06
-2.320370041981012286e-06
-9.637281155715284990e-07
-9.369812900281276191e-06
1.223876592491518023e-05
-5.846718012329352643e-06
1.439726048033532086e-05
-2.038960188109453558e-05
1.036187853496244130e-05
-1.594313162161337818e-05
2.278747587808226796e-05
-1.138973830698326911e-05
9.670160375804801698e-06
-1.939983300830851952e-05
9.785529526611332806e-06
-6.015564730017416917e-06
1.913718764863250280e-05
-9.563715044568555149e-06
1.902193253559954168e-06
-1.407792082512118667e-05
8.674424036871491723e-06
4.580094640471038016e-06
3.925657210956876980e-06
-5.873490259312761086e-06
-7.104683879466704564e-06
3.365090886766870123e-06
1.892283195863108571e-06
7.402899257896656419e-06
-1.176879356273504167e-06
-4.936614875365866723e-06
-7.450665415319627132e-06
-8.083663606759357953e-07
7.274843191665683061e-06
1.474653737993765990e-06
4.838805827691711046e-06
-6.964533150257206802e-06
-3.196421329202878984e-06
2.430218922291268233e-06
-7.674383047584283086e-07
4.965592893101056850e-06
-6.885110354659962779e-06
3.249296371420687413e-06
6.893646055381047341e-07
-9.697141778573475625e-07
2.753719045792082050e-07
2.784367035845220226e-06
-1.559781956048168793e-05
1.090716811634232700e-05
-1.868958248544710344e-06
1.212590504127167077e-05
-8.538933822089169460e-06
-6.131831797397917798e-06
6.092449688752594845e-06
-2.217119135586531328e-06
5.092451265315189939e-06
-7.358040368419939038e-06
4.549516114371695874e-06
-1.843235270583306937e-06
3.249959892483280152e-06
-2.214247095421569742e-06
1.911955177929930371e-06
-1.824882653538362450e-06
1.410603885903775370e-06
-5.176606394073370654e-07
-9.550029493229644382e-06
8.728420089377702653e-06
2.186527323599236273e-06
3.057478078453533040e-06
-3.235817294398581363e-06
-1.268239225860794136e-07
-2.714229481606266263e-06
1.030738884390783049e-06
-6.661734250460419623e-06
1.068822981585320682e-05
-1.174696699211784436e-06
6.587258846401113744e-06
-6.469382758278521986e-06
-4.008426027734604671e-06
-1.071856330392829786e-06
6.396271372172127241e-06
-1.984807674366786154e-06
-2.396609331445440360e-06
-9.917964950233991867e-06
9.396047445991054345e-06
6.321675802630174795e-06
1.734542205882124858e-06
-3.831252440679545221e-06
9.419794827216471954e-06
-1.559543785027596639e-05
6.057044773646780259e-06
1.504200813004379393e-06
2.334335370568791535e-06
-1.411365173633724989e-06
-5.266948391602948774e-06
5.722547504444610352e-06
-1.189807692494666795e-06
5.982670519508739648e-07
-1.541310744669995413e-07
-7.953398526935200502e-08
3.906397110014653973e-06
-1.018935676464964259e-05
7.249824682161704506e-06
-1.006034469235632132e-05
1.777767095920858214e-05
-1.240780115343549635e-05
1.489052089341267728e-05
-2.033288585650670115e-05
1.250161300343453693e-05
-1.230507159170673984e-05
2.077894975084133714e-05
-1.338911828241928670e-05
1.286559408808279816e-05
-2.431234998452037234e-05
1.415456911329072802e-05
-1.047261410089034366e-05
2.092787641898693208e-05
-1.360518674387928761e-05
2.275689238412139345e-06
-1.097759960024775372e-05
1.161981965714976364e-05
2.733241210219903018e-06
8.532066492996793469e-06
-1.210333269196474927e-05
-3.764319498134805617e-06
-1.236034897185511611e-05
1.562637276408639894e-05
2.675663439414742588e-06
1.525889607844048857e-05
-1.753313618076919597e-05
8.462136361818124055e-07
-1.904639335273766395e-05
1.840584504392530138e-05
6.739679609079596607e-07
1.388626947722082706e-05
-1.329663152901891532e-05
-6.694738614166036809e-07
-9.417511955262591541e-06
9.691446866778926036e-06
-6.895062219630490369e-06
1.686276536705476998e-05
-1.217509874712208320e-05
3.023768829841246089e-06
-6.371172728259403255e-07
-4.012471573706924617e-07
-2.726402251822371234e-06
9.170812342749642390e-07
2.251240969775481111e-06
8.845578638970828794e-06
-1.272115961274864064e-05
5.842955662416248188e-06
-5.812479492602755821e-06
9.216753479407449015e-06
-6.493055376814592906e-06
1.369001022151608354e-06
-4.308690652784689953e-06
5.495895049151836915e-06
-4.097033425376149045e-07
3.557629651821780909e-06
-5.265748808599231192e-06
-1.922240244517114750e-06
5.967682693471091198e-06
-3.067405484125859400e-06
1.902875867072037445e-06
-1.104908527513101553e-06
-1.789631254533502710e-06
2.094461750699424298e-07
-7.329786828429362456e-06
7.939931268465045991e-06
3.103549392819398112e-06
5.284864496954178341e-06
-9.980786508947779031e-06
2.289204291516948905e-06
-1.039155709920649062e-05
1.030120056194290984e-05
-4.618278110411303005e-06
8.967374493654783164e-06
-4.821087704199443823e-06
3.896377549762169838e-06
-3.094605165455325928e-06
-2.439473497612169345e-06
-6.141975589397347481e-06
3.655640700351754183e-06
1.676546108890865133e-06
-1.505753889877791390e-05
1.992323826863271456e-05
-6.164989518841006032e-06
7.484024600599037080e-06
-9.213979867143314717e-06
-7.907150868951738442e-07
-7.922634883928856095e-06
6.392109581386520712e-06
1.573276442024539101e-06
7.666844103646725341e-06
-8.659009171176174319e-06
5.878624942683053279e-07
-9.585733820366221307e-07
7.465839063408275477e-06
-5.496062504627404212e-06
3.961924483784537275e-06
-6.749442078508161833e-06
3.484810327960086385e-06
-7.011054572625575811e-06
6.928260611425701568e-06
-7.164877620040379253e-07
-2.383944170878041642e-07
-1.064179141573755415e-05
9.652076135467459509e-06
-2.305213632318846362e-06
1.659799496164896952e-05
-1.331713767777057650e-05
4.879798203338696924e-06
-1.751573423920994990e-05
1.281435463113935634e-05
4.108784821752623761e-07
9.103136203945729507e-06
-9.758171477152644436e-06
-7.957565255172331935e-06
-3.195501373831968411e-06
9.923124373479232733e-06
8.404946305189197020e-06
7.586542354785818114e-06
-1.372149264892709138e-05
-3.381470236113551298e-06
-1.119722644113726403e-05
1.258348818768538890e-05
2.113441287489238939e-06
8.331492445598857584e-06
-8.405323741218960828e-06
-7.385626164562434643e-06
8.552420267638351548e-06
-2.934854498517836514e-06
1.390413920044324503e-05
-2.104606312188825838e-05
8.774656037689210919e-06
-7.530056266389258734e-06
1.912605397926274683e-06
5.180395484683476512e-06
9.112521118338932769e-06
-1.139201296447880863e-05
3.413807531607095338e-06
-2.667312507632247853e-06
3.207733729515490347e-06
-5.239392097744401138e-06
-5.748439066676825841e-06
1.391735333600701774e-05
-5.384305418419699127e-06
1.261702618246420621e-06
6.649315150789310321e-06
-7.473755830622976206e-06
6.679947426202120772e-06
-1.819376379965050082e-05
1.262094947247510548e-05
-8.849722103346511413e-06
1.442478883500794410e-05
-7.343675694386055398e-06
5.705562624590404835e-06
-1.158609620974662146e-05
6.620454405542030847e-06
-5.354475149709399939e-06
2.663046659345465899e-06
2.593974930862783495e-06
3.288167369417916554e-06
5.831461187436167664e-06
-8.767612979171316958e-06
-5.212149147312115672e-06
-4.535484203656650016e-06
1.061172085199886605e-05
5.022919007175267878e-07
2.329635999205349943e-06
-3.904323920502031759e-06
-3.027109474642641836e-06
1.387671531432160054e-06
8.333626467661359627e-07
-6.481023861133708728e-07
4.582027334853991084e-06
-1.505985247959467271e-06
9.027948139913783191e-06
-9.444750076461699378e-06
6.537431955530814643e-07
2.069442074587934195e-05
-2.748059155678877086e-05
9.601809111949342491e-06
-1.272239909818363363e-05
1.440494860573729216e-05
-1.607099712717540719e-06
1.025335133628493471e-05
-7.946681134843771913e-06
-7.267358461384754615e-07
-7.355273314502245734e-06
4.808737987908869802e-06
1.560156596943452404e-06
-2.396845104374592909e-06
2.515477641490142804e-06
-6.048713925991096954e-07
1.303272639022325499e-07
-3.524497828819111403e-06
2.519103401791870033e-06
2.020594958477919178e-06
7.475540056367503324e-06
-6.674015643644481178e-06
4.422445525517444035e-06
-4.860534325266038848e-06
-1.731742376678325859e-06
-2.300792721189237558e-06
-7.554617751766959715e-06
7.884538190031883489e-06
-3.380470600306023416e-06
1.631376985009188961e-05
-1.079755081875216681e-05
-1.538024217716909630e-07
-7.488349887861449623e-06
6.877301686955460545e-06
9.935099521629925937e-06
3.826652046866753609e-06
-1.211433583955195153e-05
-6.900444103848676650e-06
-1.336036510398613964e-05
1.833278048192845216e-05
3.000528469549351417e-06
1.101999950102868915e-05
-1.174001548284615995e-05
-3.494873580191950871e-06
-4.591349698647119677e-06
5.078000095414710239e-06
9.661254502356656415e-06
-1.816182643863496543e-05
9.025744935643609398e-06
-1.929263847638426155e-05
3.943931870434125135e-05
-1.937534300394271299e-05
1.466885142158437494e-05
-1.953719876196511777e-05
2.224776303934592414e-06
-1.602733569650462554e-05
2.498038281668793058e-05
-5.242662972375394570e-06
6.878845904289142078e-06
-1.286786554600148848e-05
5.460445013027166012e-06
7.764841895409115647e-07
-3.737008725203814084e-06
2.524757207471421948e-06
2.389254058976223405e-06
-1.681553294188570523e-05
1.351114722878091431e-05
-9.359787648865620902e-06
2.067183658000883894e-05
-1.300786493333015244e-05
7.718941565890154353e-06
-9.173431337925307878e-06
2.644522485240406566e-06
-3.131593164843351731e-06
4.395413272960239066e-06
-1.121086985100954320e-06
3.983952224279353806e-06
1.943563376910896305e-06
-6.606226037379158060e-06
-2.353180630707905259e-06
-8.229578760966491677e-06
1.097204265160024139e-05
8.722979045161665838e-06
-9.041416718663216030e-07
-8.090853862810474620e-06
-7.476261589426714234e-06
7.871045567099586003e-06
-2.354500132178267529e-07
1.039234283581703196e-05
-1.060990901419305292e-05
-1.882361454365797223e-08
4.493503883863972812e-07
-4.166901149194284485e-06
3.671580444849356704e-06
-1.129336887024867712e-05
1.352845519633947878e-05
-2.288500923846675762e-06
-1.749930203102599942e-05
2.149828372472348758e-05
-6.997322089833050008e-06
7.880737717088238931e-06
-5.232057668386613390e-06
-1.027034438539797432e-06
2.799790391577325211e-07
-7.211890175196011868e-06
4.880738250353001159e-06
-1.668773694693390157e-06
7.409712118230208826e-06
-4.019666456852503195e-06
5.134919765819564701e-06
-5.841179995304803575e-06
1.742885786772141442e-06
-1.892988211732677604e-06
-7.774497205996827104e-07
2.506010226155845437e-06
-9.138853306607650948e-08
-5.363805729622555800e-07
-3.524698214346435612e-06
-6.782707168040394196e-06
5.288971849544823816e-06
6.554620692413444393e-06
8.434432149697195918e-06
-6.527381425103123114e-06
-2.798363509359275638e-06
-8.223086987730833161e-08
-3.880596329112143223e-06
4.900632299780275413e-06
-1.423445867810898992e-07
2.930055437199575506e-06
-4.059341338848694046e-06
-6.663218861009412782e-06
-1.734279239241883210e-06
8.456558966355664128e-06
2.056297903110707021e-06
1.163031007921511935e-05
-1.294731162248274665e-05
-7.325460907568801430e-07
-9.687796834297244161e-06
9.212899899405492540e-06
1.755215822161558143e-06
8.214257412833522300e-06
-7.521294542345368569e-06
-2.047296896938761995e-06
2.929587508300288297e-07
2.199014403387362864e-06
4.224435885005893863e-07
-1.231247011063614001e-06
6.936616074389544812e-07
8.811811279641936629e-06
-1.500938249983103500e-05
7.635510061404844441e-06
-4.944443799675813495e-06
1.132517564951739279e-06
1.219891744502087329e-06
5.647729493618759570e-06
-4.416525764252606244e-06
-2.172488193008851286e-06
-5.193038872430297459e-06
5.969635199199977576e-06
6.730370934622054843e-07
-5.266840657761257850e-07
1.581414644312545992e-05
-1.544385560273806740e-05
8.672728868656719991e-06
-2.454085229945776099e-05
1.623011499316659562e-05
-5.306186275908404286e-06
1.319383671506187754e-05
-7.136561810389548496e-06
1.161802645222594965e-06
-1.863208360287679546e-06
4.536784410636439705e-07
-9.691575284073602304e-07
-5.908896653700776522e-06
6.847887241946157714e-06
1.365533404546536507e-06
8.075491130618482098e-06
-9.087659129099793728e-06
-9.003245747196975474e-06
6.326335695534141825e-06
1.971038179470996864e-06
1.032936415921982861e-05
-1.252100665014142172e-05
3.638245028659619735e-06
-1.070569992336161582e-05
9.175994382064776904e-06
2.193260203128254746e-07
3.092705332899708992e-06
3.801637154607869852e-06
-3.757337175978029845e-06
4.557294538652874213e-06
-8.240064752166891042e-06
5.401168217170066707e-07
1.192194916100749463e-05
-1.183864948603508726e-05
2.642587415272772238e-06
-5.938508714626242835e-06
1.142699450423574494e-06
3.560603559277731244e-06
-3.212588081106562485e-06
7.249924611042668705e-06
-3.666963318148375529e-06
6.017389808992798487e-06
-3.160598417716025267e-06
-1.597532608131091977e-06
-8.980039507848842898e-06
3.504755186332090019e-06
1.317211583000622198e-06
4.295478928941315764e-06
3.238339474582100334e-06
-5.937191466834487383e-06
-5.049135162548666373e-07
-4.844164691318931685e-06
8.156115309345204979e-06
1.068555488263581283e-05
-6.166833670930315275e-06
-6.435210411461879859e-06
-1.124592835289582852e-05
5.702358952505162819e-06
4.362445997495774136e-06
9.987887654808460778e-07
6.250692808633756290e-06
-6.745165773280708049e-06
3.022705316686655830e-06
-4.600873503528398197e-06
2.112181825778232174e-06
3.256440029695894431e-06
-2.606959354493289467e-06
6.251679603588071705e-07
-2.318207528499004351e-06
-1.090321204758671117e-06
9.496927388867580598e-09
4.621104714002617809e-07
1.574798345604155539e-06
1.786430510214416107e-06
-4.646652919592838269e-06
5.840040259853267555e-06
-5.726185364952170246e-06
2.009801484221088828e-06
-7.613117347520309826e-06
5.583144963535839509e-06
-6.266945493755158507e-07
6.331116243130314311e-06
-6.645015507788634620e-06
-2.702122923622031530e-06
2.227739865225968858e-06
2.668738951548881916e-06
4.963403796247679628e-07
3.253114976207802106e-06
-7.203622613806333566e-06
-5.378073700653286982e-06
7.710011909544267565e-06
3.609055122986363447e-06
9.558232695041336837e-06
-1.264506947422938020e-05
-1.111132548279669265e-06
-8.746564759287106896e-06
-2.121635798102807554e-06
1.323155975478393576e-05
3.562619231811470670e-06
4.930175021971450815e-06
-1.039654867296219540e-05
-5.705069180485823610e-06
4.798439587594873154e-06
9.469070059660327003e-07
3.921637418442593204e-06
-8.826665241699446066e-06
5.135225145170005048e-06
-9.268734424284483025e-07
1.220684612426733862e-05
-1.152551445971045741e-05
-2.350336027944279637e-07
-1.219975734198303066e-05
1.364807209526184068e-05
6.316163423648156986e-06
-5.721321262598187387e-07
-6.944774180778506206e-06
-9.520676270826758221e-06
6.245880091382965282e-06
3.470435176134122125e-06
1.242204762057944018e-05
-5.906016991584256419e-06
-5.820831197038057837e-06
-1.058730158706960174e-05
-1.610928729065774260e-06
8.152241705451400419e-06
4.613975242286449575e-06
1.192106954086137335e-06
-1.041232909005778596e-06
-1.019930012962581489e-05
7.082581592906204016e-06
3.010447384891176864e-06
6.689571817733373004e-06
8.983811978187158180e-07
-1.014132441991523303e-05
4.429313105380550399e-06
-1.235276851019454148e-05
1.287350991724069367e-05
-4.993468088353584578e-06
1.948952562570282264e-06
-3.237023688541576821e-06
5.745218622780185598e-06
2.561708869784402333e-06
-2.066927949630597518e-06
-1.803725018392729048e-06
-6.428165415978000479e-06
6.381494958645781667e-06
-2.992863895625526811e-06
8.203673380390008179e-06
-6.777735895224864172e-06
-8.818423098465248797e-06
8.567200672966639725e-06
1.478523689939215723e-06
8.840158214419662383e-06
-1.462046833592108570e-05
5.126859157063612979e-06
2.829336402423881413e-06
-1.664564662826441624e-06
-3.187424553253474387e-07
-9.204733838271713211e-06
8.967829445745823427e-06
-4.410200835518993494e-07
5.118421287138416003e-06
-8.411396463173923850e-06
2.583869512695866675e-06
-3.635514752051610889e-06
1.619505994346124949e-05
-8.930159929442853681e-06
5.797242387763820297e-06
-1.864297257062635490e-05
9.282725059679214152e-06
-2.744334836509693901e-06
7.156425154168617343e-06
-2.171966308776219180e-06
8.643087678848282188e-06
1.651132130898157778e-06
-3.756186617840097207e-06
-9.415538823002997447e-06
5.086989174500314059e-06
-1.066658027000570675e-06
1.073365102930559631e-05
-1.141868115911943290e-05
4.449746786965098361e-06
-7.068190885655519022e-06
4.416066497762883475e-06
7.599814527927029631e-07
4.804143269318890571e-06
-9.945749552086323339e-06
1.718786998748053776e-06
-5.988461310114196953e-06
9.179032394250984439e-06
-1.145006064721148628e-06
7.515015612201732259e-06
-8.016499613759559434e-08
-7.658284767526462659e-06
-7.830345955072809429e-06
2.499979007397512106e-06
4.435819594788118929e-06
1.129287678156768938e-05
-1.213969339230102509e-05
3.915407856106458850e-06
-6.593660215932202390e-06
1.184313199309799035e-05
-8.787561143419849369e-06
1.281216981885341694e-06
-1.015567421564464478e-05
1.229528520915245139e-05
2.304985358930480507e-06
1.129674915764602536e-05
-1.587503405415829322e-05
-8.978666258139371967e-06
-1.874567347720303313e-06
1.145646268676710256e-05
1.057051663107179762e-05
-1.400582596341920684e-06
-1.006717469867788413e-05
-1.522677186417199179e-05
4.497967189038888397e-06
9.294049651435358931e-06
1.843366541203181170e-05
-7.832413357002556163e-06
-5.894395312343618173e-06
-9.951915898332226891e-06
8.347993531860296518e-06
-2.731688143797143036e-06
7.422551534893732880e-06
-9.011930615267066787e-06
-7.067562254505879392e-07
2.501360526769408362e-06
-1.668882958035619041e-06
5.899018889649886867e-06
-8.745012721394679241e-06
9.858507808849133677e-06
-8.467409438813252594e-06
1.266337127038786224e-06
5.314159335996044106e-06
-1.003262273021711187e-06
1.091273510092797413e-06
-9.745231844742344114e-06
6.224928632303244568e-06
-2.384424458295524698e-06
6.866222037730428493e-06
-6.055472920195036857e-06
4.918201091018649569e-06
-4.577309381434339260e-06
2.641070901976004100e-06
6.440617441375429419e-06
-1.154256213077785480e-05
1.899790593187263818e-06
-8.938938462180238503e-06
2.365841207083898813e-05
-1.062113291344999314e-05
-3.206379890429993755e-06
-7.645424442723259450e-06
5.659168216606494931e-06
1.062844352418056676e-05
-4.175475985480996664e-06
-3.301193544721489245e-06
-7.275200547240800246e-06
4.857557680965380063e-06
2.085063436602758897e-06
5.020363478404571848e-06
-1.197466209312550775e-05
2.937841322365084573e-06
-6.963339395973543847e-06
2.215692162798596688e-05
-7.780166407583906683e-06
4.030002455779563034e-06
-6.106363097086328710e-07
-7.763230981550506298e-06
-9.685393841914484350e-06
-1.606874517587908051e-05
2.049144038299931779e-05
6.063508866964541219e-06
1.107730492322852185e-05
-1.353452897312803214e-05
-1.785834487975701668e-06
-3.397659806683659968e-06
6.295044865349578424e-06
2.309763404455216805e-06
6.581168298154916154e-07
-4.404532583217220819e-06
-4.368415007885393677e-06
7.629978773335583208e-06
-1.764076465860047019e-06
3.092560284943503406e-07
2.556537058055461563e-07
-1.525817229261872512e-06
1.860354660457209190e-06
-1.263379595627717566e-05
1.017947198309597500e-05
3.973786140487462469e-07
5.686891156422041182e-06
-3.409255384489200974e-06
-3.852333317050688987e-06
-3.122178086088154810e-08
1.910433913197395994e-07
-2.801343226147402863e-06
5.625132000933845964e-06
1.011093519043377659e-06
8.356577110456116166e-06
-7.349334982896812372e-06
-5.529102096113012947e-06
-1.049322204257610087e-05
1.130685954086159883e-06
1.285371452912531761e-05
1.505345005814735901e-05
-7.301564989331090410e-06
-8.837658091294320884e-06
-1.498240392968920961e-05
9.951405278976614596e-06
6.789367630067934854e-06
1.156725262937767440e-05
-8.343741716521702381e-06
-1.948256422029360856e-06
-1.707299542363322899e-05
1.131776853202818848e-05
1.647627928514675634e-06
1.146859249000838759e-05
-9.007131261314726443e-06
1.431261411936006191e-07
-9.721537427990431749e-06
1.297090958491096426e-05
-4.826500571690513045e-06
-3.886113588214820791e-06
3.182672549102336707e-07
-3.670884411899786866e-07
9.551859331730486234e-06
-7.724030477041955649e-06
2.062932344345768792e-07
-3.292717899733965975e-06
-5.015292340359424697e-06
9.269376143372041535e-06
2.551400188580290503e-06
6.063784932500200322e-06
-1.118381388593993705e-05
-3.558832782910137152e-06
2.251133865736921900e-06
6.020991208121518641e-06
1.375558309807616134e-06
-6.847536164587104349e-06
1.882368406395931921e-06
-8.563924782626478036e-06
1.671292121403719383e-05
-4.987235816365362353e-06
1.410712567758634487e-05
-3.102367756584599088e-05
1.442850424754022560e-05
-6.840498795838499889e-06
1.948410911125886857e-05
-1.103798380750725441e-05
-2.591308916451122779e-06
-2.714035137924731766e-06
7.133789050491169926e-06
3.148534746362515756e-06
-1.677759102158096511e-06
-4.740158062060261809e-06
-1.283581321376613067e-06
1.286529129473791674e-05
-6.308863300681614322e-06
3.120861543215565644e-06
-3.392318543985907279e-05
2.155560378737147922e-05
-3.210313267525060846e-07
1.033510537880073262e-05
-6.119093687467037096e-06
8.375486950058716316e-06
-5.267809257113397175e-06
-2.408600274529640434e-06
-9.185479751349875750e-06
1.619985890554395609e-05
-6.864798065166690131e-06
8.106837732246629851e-06
-1.789664584825965813e-05
8.904182020304424294e-06
-4.927486472539415033e-06
1.444868137918300374e-05
-8.896858801250153657e-06
1.432215808329779768e-06
-1.315919033919329540e-05
1.389606101216513019e-05
1.689530474219282312e-06
-4.264697411071762369e-07
-4.563904049600280618e-06
-1.312602509921205541e-06
7.672347664496404829e-06
-3.495711522188290681e-06
-3.932836866028832542e-06
2.934621493578412296e-06
-4.874505973432442555e-06
5.415093494579489492e-06
-3.675231257892019048e-06
6.706941744967109101e-06
4.851909438247817925e-06
-9.102447093569694800e-06
-2.198490237917770628e-06
-1.281721521130546813e-05
1.751563994574851032e-05
-8.350193700893689770e-08
1.127815506521949569e-05
-3.955243833716068022e-06
-1.074158876870585343e-05
-1.396336949484654219e-05
9.732219075254422040e-06
4.383135569316698181e-06
1.505982087012069108e-05
-1.044514602802370067e-05
-5.332361109031297263e-06
-7.154186899918605598e-06
5.918847550600847788e-07
6.374433287803570473e-06
9.291025542045400302e-06
-4.177035458163763307e-06
-4.926814838810259677e-06
-6.681951415687282725e-06
7.310995024800519531e-06
1.542607059666945848e-07
1.199511775154122383e-05
-1.430510804271806520e-05
5.283835969564671609e-06
-1.088560254217678226e-06
5.105362617551679005e-06
-1.632239319841714667e-06
-6.488402800691763753e-06
-3.957367839953950020e-07
8.316936461553801113e-06
5.209301092757611233e-06
8.225156245618919383e-06
-1.839869588602438462e-05
-5.476100140911105112e-06
-7.313007159580060378e-06
1.851409038166976510e-05
7.351237270234236703e-06
4.336078068837362729e-07
-1.390580560596478389e-05
-4.952771219284077202e-06
2.998934961849860208e-06
4.824334529063489268e-06
1.119713863671179046e-05
-1.245569477013522236e-05
-1.104874630536568141e-06
-1.712893624186543991e-05
2.811169415852323334e-05
-9.285615681289789564e-06
8.818635638473347043e-06
-1.853748238136724416e-05
6.923607087308541132e-06
4.405665801709344299e-06
8.309929369448182886e-06
-1.075148913511239404e-05
-6.229128857676455087e-06
-5.935139221207369772e-06
1.094628282479007345e-05
3.373389899581585168e-06
-1.162220656822004686e-05
6.952637573538166581e-06
-5.288123774689672310e-07
2.640006016088644982e-05
-2.070807970846796079e-05
-2.197228171603387862e-06
-2.132547128546399969e-06
3.898304846679292911e-06
-2.767977496724297989e-06
-1.278548821934933795e-05
1.463823618212829929e-05
2.582894085233476067e-07
1.046053582345869723e-05
-1.404026228815853964e-05
3.718929437566690915e-06
-5.920848199871292137e-06
8.176514923335752435e-06
1.079039420821447913e-06
-2.732240767924987973e-06
-4.373996019154639447e-06
-9.232310929886966149e-06
1.606111376490191201e-05
-5.130996570226660649e-06
3.548551263972261816e-06
-2.177564344816688369e-06
-2.579096506955394968e-06
3.047395248133545284e-07
-5.256348307039877439e-06
9.196028875425091479e-06
7.503889755452032321e-06
-1.130959045910763958e-05
1.119811064066865802e-06
-9.742965327563984018e-06
7.588487759749896501e-06
1.978073352407768080e-07
2.001715999653586662e-06
6.053107077038042640e-06
-5.948668915664994877e-06
7.399868246863846853e-06
-1.497835173669733414e-05
6.883417444112573423e-06
-8.594068622140953387e-06
2.850039068117904951e-06
4.963520491305411176e-06
1.270490565624733223e-05
-1.103923535827533976e-05
2.424950019271139622e-06
-1.813697616181539921e-05
9.433780612088186053e-06
5.720834685254634055e-06
1.081812702846534129e-05
9.141067496796974429e-07
-9.593904629355741467e-06
-1.512139133563701980e-05
9.677452805701048402e-06
5.389806991262648079e-06
1.380998508560199724e-05
-1.825094089573001433e-05
1.957558223332606413e-06
-1.174938855396240221e-05
7.734445228315353930e-06
1.107489205005632452e-06
1.402717930767548605e-06
2.718407099870207887e-06
-5.719044508745418526e-06
5.005884754827009270e-06
-2.016370506188849627e-06
-3.804414255720539682e-06
-3.639121175091369304e-06
-5.605170563678450708e-06
1.205622418972150632e-05
1.093038676381803132e-06
9.224168568709692522e-06
-1.514808304397831657e-05
-2.897086357722324846e-06
-2.679656855898804264e-06
1.040572347988725547e-05
1.602207857451596999e-06
8.486109024709466821e-08
-2.770770827998262167e-06
-7.330299991402100524e-06
4.495495401654693080e-06
3.075288939664783453e-06
1.309858226913559409e-05
-2.214663941793893010e-05
9.720989116079221812e-06
-7.062035992545735293e-06
1.743868579399142075e-05
-9.135481451266781264e-06
-7.852167578822338433e-06
-6.529911959203480836e-06
1.248299996688651129e-05
9.374879816468207060e-06
9.773674419426005663e-06
-1.704276310552645216e-05
-8.257040053148320783e-06
7.215377372019442858e-06
-7.254022346012781180e-07
5.103017962854463792e-06
-2.606112565259928397e-05
2.094589541665471238e-05
-1.263284672118919747e-06
6.675741541867994590e-06
-8.993696929625224820e-06
7.894170443543328634e-06
-3.173493723035763825e-06
1.239313257140720820e-06
-6.945628089328790848e-06
5.321070775759532055e-06
-3.530790650365857143e-07
5.000821618586574454e-06
-1.078277367995606836e-05
4.131999139844991540e-06
-7.549230857406653836e-06
1.687367759544159475e-05
-6.776380642580117527e-06
1.173924917144586877e-05
-2.221614373416301512e-05
1.043725413750946488e-05
-1.134194782573195245e-06
2.235211920024136461e-06
-3.459959562348329984e-07
-4.722625532237428605e-06
1.014057901298566052e-05
-1.047030030650799657e-05
-3.560336395260964521e-06
9.769497405412066310e-06
1.067306732741818111e-06
1.001319975681245756e-05
-1.270278158930334852e-05
-4.455515706590004992e-06
-5.320927673344915274e-06
2.392934600594833690e-06
8.680547863062423603e-06
-2.749159813811173482e-06
3.937154616839584864e-06
-4.842046313884713363e-06
8.403368206534558209e-08
9.854039530880289203e-06
-6.316374762857708026e-06
-2.295826528498349919e-06
5.316755041633032120e-06
-7.181253356607946844e-06
1.155976595320299939e-05
-8.619849478831630662e-06
-2.496323784801377042e-06
-8.305888407471585959e-06
2.275197981545584112e-06
6.724483920774500522e-06
1.607331779846636903e-05
-1.409155475219721731e-05
-1.882245805454942653e-06
-1.738096776305392483e-05
2.439541167860284144e-05
-3.517801844952361845e-06
1.061263491851823389e-05
-6.211059483228752480e-06
-1.045978997062377797e-06
-4.085652235257542235e-06
-5.623720680443301145e-06
7.070765615276131491e-06
3.104052553411552770e-06
-6.424789418927404761e-07
1.134093731028768727e-06
-4.146805932064342919e-06
1.005289484086600717e-05
-7.678490020474880608e-06
3.295943036042268545e-06
-1.105549561494893762e-05
9.667374632037283277e-06
-1.880325723150050881e-06
3.871621854165331717e-06
-3.616951978553878577e-06
2.743856044978347939e-06
-4.121058116313354253e-06
1.350024766882738819e-06
1.470792342005242210e-06
2.061312006291922915e-06
-3.157673572158768404e-06
-7.500418832529963874e-06
1.603605891758116839e-05
-9.288737256853704330e-06
-9.445084230136139126e-07
-3.173925296486043257e-06
1.640633303234594468e-07
1.477787666972724763e-05
-6.523337004595829925e-06
-2.419066083296327860e-06
-1.145920876260216899e-05
-1.488978699206187700e-05
1.950579020653154697e-05
9.026168347472031693e-06
6.129407335590695531e-06
-7.371582792769340664e-06
-3.824849873681974353e-06
1.151928715867463568e-05
-1.433695136750006665e-05
-5.649964921098509323e-06
1.034786613594224891e-05
2.656520251584088276e-06
4.279802768008871787e-06
-6.761720564433367091e-06
-7.773748394196385226e-06
-2.257821194096963651e-05
2.347248635761711147e-05
7.323028946517835065e-06
3.215808094060310985e-05
-3.037523430794056590e-05
-7.110210668735582332e-06
-1.311853585783482869e-05
1.590794137474577284e-05
3.241685475877367482e-06
-4.650643598187959114e-06
5.953553168545361741e-06
-7.217757154287828531e-06
-2.046783336595640920e-06
3.682174416850904339e-06
4.568512391944601106e-06
-1.073448706215969722e-07
-6.602242583121811878e-06
-7.321291583002581928e-07
1.287562872585190162e-05
-2.665432752586946208e-05
2.011611134354483927e-05
-1.881261259178461650e-05
2.599813931248981844e-05
-8.815132923406981323e-06
1.025326586984800482e-05
-4.768002138465882361e-06
-7.456114891080301669e-06
6.903178097197965884e-06
-8.151304975185347896e-06
6.518151979666513381e-06
-3.185327617806659480e-06
-1.101229749401678228e-05
6.607403439484840733e-06
1.793624565398350416e-06
-1.200495221558472826e-05
1.481874525155072052e-05
-1.138543754503906136e-05
7.764005996879837533e-06
1.604888713364149321e-06
1.114820489723794397e-05
1.269485148979972435e-05
-1.976613392568089556e-05
-1.556852391503137805e-05
7.586871449785432717e-06
1.321768721360092475e-06
7.631899165806493927e-06
-1.799830238651850369e-05
1.054177534002028001e-05
-9.897905077300505502e-06
6.438387780137925958e-06
2.205257447918967424e-06
1.207859463461388933e-06
2.986811625086444014e-06
-2.739956749507342816e-06
1.839161396725479743e-06
-2.846312841852327390e-07
-5.205850998716016339e-06
5.616906164080097424e-07
-8.345859091493973463e-06
9.035602431058811584e-06
-1.223849216947806845e-06
5.938834230736944578e-06
-6.378861930278322955e-06
3.505689953035883739e-06
-1.985743647142614024e-06
-2.573122654410330918e-07
-6.261393751054774849e-06
4.018871367754764559e-06
2.767247613059881183e-06
7.220878674195570708e-06
-7.793953367997965084e-06
-7.944208246233541118e-07
-5.273944706466668342e-06
-1.134547906927031853e-06
8.896876914365814266e-06
1.158508663159539782e-05
-6.738393398765873341e-06
-9.737819064518752498e-07
-2.179894363479307386e-05
1.532369655854477341e-05
1.091703257120859238e-06
1.962506920703427788e-05
-8.823723001736273022e-06
-6.287219225270924641e-06
-1.655751165690542338e-05
1.685114030094648772e-05
-5.287381251504122928e-06
1.454899300086639609e-05
-2.711329734704220754e-05
1.693100706324044224e-05
-5.437314607407924038e-06
8.478218914109851058e-06
-5.811887185277824045e-06
8.775823811661904563e-06
-1.057656476967918583e-05
8.933745707563600907e-06
-1.166724197547500272e-06
2.966015191650053535e-08
-7.806759032562828819e-06
-5.346517647036693184e-06
9.332084347340901170e-07
1.034734147957877785e-05
-2.091866731129703565e-06
4.007824786553358896e-06
-7.836320805614429888e-06
9.019962690179444785e-06
-1.483329649426107516e-05
1.112608962271775361e-05
-9.571673685405231917e-07
2.051267226940257043e-06
-5.638525479903170993e-06
4.423913101485062833e-06
4.309893354546034971e-06
-1.332669840809142447e-06
-1.400843621203791496e-05
2.097364237885763740e-05
-1.581950856921119069e-05
1.550318015439520680e-05
-2.024443824482839813e-05
1.080166614978848876e-05
-5.335809574390223012e-06
2.704487282004466755e-07
3.190144767141811564e-06
-1.575159083888549597e-05
1.297266139657114801e-05
-1.369444734782358414e-06
1.187734527796203588e-05
6.404239979768480695e-06
-1.247535879031472762e-05
-6.932038654969305231e-06
1.344563462693341304e-05
-9.341947567540956473e-06
1.240610700497825370e-05
-1.260991534304953664e-05
5.282944473000113214e-06
-9.292841272779524413e-06
-1.166919190760925766e-05
1.356296960609919991e-05
1.565512551735234576e-05
-3.988413638301788872e-06
-3.061718985526216247e-06
-9.154675897934240827e-06
1.158273098340720042e-05
-6.018121194939529411e-06
4.845982152761266108e-06
7.200436509914614215e-07
-6.557238381415439037e-06
3.461689917439458468e-06
-2.528770928397550079e-06
-9.371844693345098183e-07
-1.083619900909649210e-05
5.234521308303566686e-06
1.054626178777799777e-05
2.690257088404346929e-06
3.389744245626150694e-06
-1.057127686015564509e-05
3.967059978290224803e-06
-6.038355261554456639e-06
7.187883870599565041e-06
-8.640466663768697213e-06
5.374347442971254019e-06
-9.104408710398464695e-07
1.381132037564239584e-05
-1.031416961707464104e-05
-2.001172257881278542e-07
-1.439175972694410866e-05
1.375508052655263109e-05
-3.046270748303079546e-06
7.768160496131879924e-06
-4.494857705480289852e-06
1.764035122956557377e-07
-8.881854784093006676e-06
4.793809295331117144e-06
-4.497001045522764780e-06
1.729979793045326666e-05
-1.421454460572256902e-05
7.462637877920262752e-06
-1.506449194262876879e-05
1.136909338757968475e-05
-6.521788783762785821e-06
1.103204659428557275e-05
-1.206264014560374536e-05
1.001889083013478147e-05
-1.070302520168200985e-05
2.216498865463534173e-05
-1.745118872858504616e-05
7.422901023888295854e-07
-2.698332767911213508e-06
3.481473000763445972e-06
-2.315887596990495376e-06
-9.807744463584521514e-06
7.110540320498341332e-06
5.647308673378273618e-06
7.975353393346484474e-06
-8.338804897902090063e-06
-1.321157688612861017e-05
1.541272612554462148e-05
-3.733585015824927596e-06
1.953473612253783700e-05
-3.191258441843228331e-05
1.420234891527696965e-05
-1.452673441695093899e-05
3.131791079610364234e-05
-1.952028548189849980e-05
2.873954975685719517e-06
-1.057376226953572263e-05
8.235407464594188460e-06
-3.342684715382736836e-06
5.532836625332746699e-06
-2.943019841094738839e-06
1.127059181772972947e-05
-2.174381130405892597e-05
1.287475274432958185e-05
-1.318554443053265225e-05
2.183925078219855451e-05
-1.283117294819310634e-05
9.960403724601038403e-06
-9.730989230385994382e-06
3.705160410419709773e-06
1.024504262092455359e-05
-9.315672831125410675e-06
-4.958998938182957887e-07
-1.397260848039180791e-05
5.637506763781146375e-06
7.122756783066571972e-06
8.728422290369321093e-06
-1.126760744398120246e-05
3.123153330872467567e-06
-9.465782646132821554e-06
1.119682405768287247e-05
-6.329281863083628909e-06
5.064895103332350438e-06
1.098719819242886022e-06
-1.393348438809024056e-06
-1.475172610278505869e-05
1.019071278053979873e-05
-1.580051097151015677e-06
1.476898599204759941e-05
-1.268603887228633074e-05
2.190250249813284049e-06
-2.811807463011974914e-06
-2.321479411454477315e-06
5.946567978522164943e-06
-3.368906117744781782e-06
2.522980761296767534e-06
2.910366297879244070e-06
3.627860193213211263e-06
1.089753526168581903e-06
-1.171254734778484210e-05
4.714306523260952176e-06
-2.659995680692136398e-06
4.808305596216531856e-06
-8.698232783383505197e-06
3.022355936026967300e-06
-5.918354630471157749e-07
1.611725368111991853e-05
-5.725383619525397847e-06
-4.384125217668572824e-06
-2.094120360843892135e-05
7.478396968404503399e-06
7.202807977785720807e-06
2.071059009817471393e-05
-6.072256440414891809e-06
-9.064275828059113331e-06
-1.554260532588354579e-05
2.193031361515040241e-06
9.227126275015034676e-06
1.593303465483344430e-05
-9.903912769784997314e-06
2.897969887853659884e-06
-2.155899580763572819e-05
2.206142526865567972e-05
-1.355508689410887691e-05
2.412093324115387321e-05
-2.591934331829949981e-05
1.513146241166259831e-05
-2.253066085791391373e-05
2.889508903665373850e-05
-1.889568519949273387e-05
1.391630008035905000e-05
-2.712815604851883178e-05
2.311697540783548891e-05
-5.172168922746849204e-06
8.682062461705047723e-06
-1.019372643194239633e-05
1.226563847735237890e-05
-4.470841233578723829e-06
-4.949334373954447157e-07
-1.977652986489093149e-05
6.808564546596309767e-06
8.148236125281906796e-06
2.240777488067340425e-05
-1.944383918127930638e-05
-4.797218661196986226e-07
-1.916378951480015485e-05
2.692773467712005508e-05
-1.038657054415142544e-05
8.585045043459061352e-06
-2.054744407723028846e-05
1.329935562324977027e-05
1.106476382745736698e-06
3.684785604206227685e-06
-2.985470336628313383e-06
9.245966564648208392e-06
-1.150871981433495379e-05
3.710547221627688227e-07
-2.880011848603865701e-05
4.103204765522293069e-05
-1.130396951758502614e-05
2.765704076103330493e-05
-3.970065331266482017e-05
1.219090106312713771e-05
-8.957456851174873836e-06
1.657789032713947444e-05
-6.149507742379998966e-06
-1.890084848016213232e-05
6.243023534280311382e-06
9.375077820400874268e-06
2.280042100942508828e-05
-4.362244280108744669e-06
-1.797073640795412606e-05
-1.633359361178172628e-05
8.439380368270732880e-06
7.490890623681338170e-06
1.163670924978415250e-05
-9.589617776577502567e-06
-3.491783776757279413e-07
-5.726574412894847404e-06
2.572179711685659094e-06
2.275091556812035987e-06
1.069194996664546733e-05
-1.011536852351989106e-05
5.107755854689180510e-06
-9.880029173902951634e-06
1.018486110056657316e-05
-5.723712899346376581e-06
-7.796079510940425307e-07
1.784656764357100099e-07
-6.030221956148300126e-07
7.580453927904705665e-06
2.167374367791726855e-06
-1.095466872963900153e-05
-7.379067327250797944e-06
-7.525767973584739648e-06
1.967433903992480210e-05
3.420141542598179545e-06
3.149461658699763265e-07
-7.583084005236721755e-06
-1.728245594419036343e-06
3.637112155010357119e-06
3.061633747745481492e-07
-4.236497577979088781e-06
-1.285802265991865096e-06
5.844346486712805711e-07
7.474612503568341863e-06
3.653828871899217671e-06
-6.293283717631469488e-06
-6.546745124339826372e-06
-9.218503230952279317e-06
1.270966050171357128e-05
2.927176395546355451e-06
1.069327841776877020e-05
-1.002438481015653239e-05
-3.678916034990859966e-06
1.514788400306393568e-07
-2.697691025374045909e-06
3.632624866313364870e-06
-9.485870567462334886e-06
1.490422773918190657e-05
-3.580351629460520202e-06
8.593910382268938645e-06
-1.481379845265399524e-05
5.514907828175625020e-07
-4.645626889487166407e-06
1.488445810404467000e-05
5.394206986555336497e-06
4.993323996236214961e-06
-2.098661772463459229e-05
-4.482237088025598935e-06
2.498711292661105179e-06
1.165480031019815855e-05
-4.769418163917637751e-06
-6.449565101360971116e-06
3.383301107471094486e-06
1.018759881318131451e-05
6.175164822333877786e-06
-1.129103652312315309e-05
-1.474748133771464699e-05
6.944713034964578496e-06
3.521862194960970714e-06
2.412776558091249559e-05
-3.076176225562382701e-05
8.627934534172389128e-06
-1.283341230636860268e-05
2.025756183543920815e-05
-6.414785122894266049e-06
-2.044513371119197846e-06
1.875358728474962790e-06
-3.093538142126799756e-06
-4.319920650197974551e-06
7.274656946293519243e-06
-4.254668123447168798e-07
1.647095564451700770e-05
-2.988806826026353973e-05
1.188624583715934633e-05
-1.448217384339841815e-05
3.193044571623871201e-05
-1.568858052457321271e-05
9.659702388180004462e-07
-1.797717031283152663e-05
1.364776909110044351e-05
1.692639326354098138e-05
1.923984740825701947e-06
-1.470607666217568305e-05
-1.813435630993322467e-05
-8.014729693759186876e-07
1.976485013029214040e-05
1.371003413777653151e-05
-3.115696609395780765e-06
-1.190581424515181319e-05
-6.541734778581683077e-06
-1.785005383443342552e-07
8.083556736045017011e-06
2.150718052387210371e-06
7.338239357333385221e-06
-8.406130792739952492e-06
-4.931234104833265641e-06
-3.899978117886062596e-06
3.086303970258805196e-06
2.952361541244103070e-06
1.248774850679238945e-06
5.145832724799792699e-07
4.929813556509352515e-06
-2.760286617080986209e-06
-6.853573066845798222e-07
-8.804812612634790604e-06
1.515648250181174895e-06
7.927960987610751611e-06
1.499915703203527161e-05
-6.950117177523070490e-06
-1.132215510028666640e-05
-1.102025947199188089e-05
1.079911590949137194e-05
2.860151731070668889e-06
4.546736844369799605e-06
-6.184159075338686867e-06
1.131901142560035557e-06
-1.793060328024092914e-06
1.379548444908350571e-06
1.300147848461083637e-06
4.623690711474245447e-07
-2.271105491419360786e-06
2.723961006595831659e-06
-9.525591706620374654e-07
4.635220348743214464e-06
-4.883615770039283224e-06
-2.819158944985119839e-06
1.858331834662371427e-06
-1.331759856508399937e-06
8.900377846941831018e-07
-4.463018772195936716e-06
6.847752984479719249e-06
-3.202575775195042413e-07
6.935168771161128971e-06
-1.094786138431820014e-05
1.250778159809305787e-05
-1.181289778941769009e-05
4.879044293622866367e-06
-1.680891906589474476e-05
1.317554848244896113e-05
-2.123569938301814240e-06
1.049444684857052366e-05
-1.320943494453557790e-05
8.445499342082637609e-06
-1.077984113811761947e-05
9.894465796509211539e-06
-6.883906878695765597e-06
2.031242368409665456e-05
-1.078252276850446921e-05
-1.206953123035570240e-06
-2.051546465262391560e-05
9.642547420848360322e-06
4.968661855518423739e-06
1.587628210250549785e-05
-1.125834198538242225e-05
6.509404939393148765e-07
-2.367321766836660255e-05
2.423687082012878502e-05
-6.006600920592247304e-06
1.737277238782696485e-05
-1.374292034719460536e-05
1.915920019314513957e-06
-2.075018051214016406e-06
-3.113791774724488206e-06
1.486754868448001733e-06
5.344010365735920231e-06
-4.603693566102874928e-06
1.899078287566618312e-06
-1.535739699241118941e-05
2.246326281490324092e-05
-5.754812705398596948e-06
5.809328313352197268e-06
-1.659279147912219116e-05
3.553165881571118245e-06
1.437790778428436959e-05
-5.041791742767740139e-06
-7.924058297540949010e-07
-2.496110211360403795e-05
5.249488423654828812e-06
1.248048743861850657e-05
2.026746702315674074e-05
5.256630013788068570e-06
-2.377897245153424381e-05
-1.656141839629637151e-05
4.615197884160687902e-06
1.226141503387223624e-05
1.392741942216933903e-05
-9.670239851713599851e-06
-3.899496606516140659e-06
-1.091266876720481895e-05
1.898196164754661409e-06
5.586314029853231696e-06
7.890402457714290813e-06
1.912702449792491024e-06
-6.197178231875225649e-06
-2.265606199694077537e-06
-3.244654611645415631e-06
3.602349751509316633e-06
7.901112079776559556e-05
