6.830296179085732724e-06
-7.896004579189985325e-06
1.938636093069234689e-06
-7.269182794048009672e-06
3.110898640249481147e-06
3.158125194022474756e-06
3.013806121222552319e-06
3.263489185558853933e-06
-5.332369971126552219e-06
8.408618048947242541e-06
-1.198717784654699744e-05
2.867212945088876308e-06
-9.097821677063279419e-06
1.185899958727407505e-05
-3.837979861314278061e-06
4.059897769205733859e-06
-7.495128130453885789e-06
3.388496552302533514e-06
-3.624627277260040538e-06
8.695923830608978870e-06
1.965151859247222459e-08
3.223199538107800747e-07
-5.463431431925753069e-06
-1.704045940240621207e-07
3.381756755921028372e-06
-2.555049355396978603e-06
6.631520375637811425e-07
-3.780034900123894015e-06
2.512663378464972410e-06
-6.724976804898602977e-07
5.987259611927792845e-06
-3.067723044871882804e-06
-6.725297743717167313e-07
-6.486577037537618057e-06
2.348004654444258143e-06
3.621234635184059108e-06
5.039530467291295765e-06
-2.028537762425134002e-06
-4.290768892878245143e-06
-8.682455780564285287e-06
2.462703354933526274e-06
6.281612752189052475e-06
1.380280389289574702e-05
-8.826927913967441290e-06
-2.794978542898197770e-06
-1.571581091776611086e-05
1.288493084227211859e-05
1.556881604773027305e-07
4.117637045390871604e-06
-1.702001469882433103e-06
-2.006998478210171952e-06
-3.502666134973439607e-06
2.518065144124055025e-07
2.077979694977140257e-06
5.255620636657265405e-06
4.138697558250372462e-07
-1.126831132779160848e-06
-5.131802748268742329e-06
-2.180288055258041900e-06
3.581361285153315701e-06
6.560781908636081035e-06
5.519671025613722055e-06
-1.288794832718466373e-05
-3.047348067362715188e-06
-6.216625166498897253e-06
1.081252156727918398e-05
-4.957151004220963246e-06
7.430237681852022209e-06
-9.338693332572147043e-06
8.537683335844694095e-06
-1.173218752243597838e-05
8.117905434208109051e-06
-9.038091762185900327e-06
1.572347945711961441e-05
-3.391715154989374065e-06
1.362042598129698603e-05
-2.192478666628293213e-05
7.473028496545497999e-06
-5.024194841098085069e-06
1.553497702021101580e-05
-1.108625673170953738e-05
5.718446142900241066e-06
-1.365062996106429230e-05
8.414560730872102089e-06
-6.350221098421807030e-06
1.318810250175335837e-05
-5.075338515587251738e-06
8.613138464849109388e-06
-1.268456236780053511e-05
4.324356707339037878e-06
-1.264410415236916959e-05
2.207587154387635940e-05
-1.165125672400992540e-05
3.120446613254595461e-08
-7.167093503728469721e-06
6.857020052707951888e-06
7.919100068474167298e-07
-3.265129152715596896e-06
1.744634364062161128e-06
4.130873241478763710e-06
1.088099863677874538e-05
-1.335749086701725620e-05
-6.877232786522840525e-06
-1.208974186383074829e-05
1.558408347694733117e-05
-5.336853062013744675e-06
1.867153453754990915e-05
-1.137364557750699781e-05
5.284391133797892000e-06
-1.500697656655920815e-05
8.619231529809969237e-06
2.181404709900562909e-06
6.523028311456991162e-06
-7.198107343057022909e-06
4.517042751576055124e-07
-6.597520615757606458e-06
3.483194375304224998e-06
-1.770428033368882389e-06
7.088167860792034299e-06
-5.901799365570802904e-06
-1.919334084259359755e-06
-3.554335139779926012e-06
9.771384136395268137e-06
3.389000765050011573e-07
6.999988075466406776e-06
-8.795762594699169974e-06
2.820656476889010241e-07
-8.527268024074398844e-06
6.409053693658262995e-06
5.963857251696697115e-07
5.535456815652273316e-06
-6.522434288038476773e-06
-1.515917238744383801e-07
-5.000583490334568765e-06
6.684815318298595859e-06
8.207087911959922572e-06
1.626627536365421617e-06
-8.687970603015852074e-06
-1.340502636015972277e-05
7.044079531505254731e-06
4.999875264066850627e-06
1.599567624962837281e-05
-1.491348834703973495e-05
-1.660079563795493616e-06
-5.558252710012846507e-06
3.006805222161692073e-06
1.869718442635502406e-06
3.811863968614450865e-06
-3.412426226029966106e-06
4.017595010334481221e-07
-7.879979773752128987e-06
6.882956303585737248e-06
-4.978143709808158246e-08
8.865332532649698320e-08
5.356256212672837072e-06
-3.579748051942809220e-06
3.150023178958278363e-06
-1.517261994038249649e-05
1.397112760608468078e-05
4.079588755008256719e-06
7.101709717359334784e-06
-1.353391804073692664e-05
1.465833300200782910e-06
-3.251603207745244799e-06
8.293052953783717414e-06
-7.620887995275274620e-07
5.475981748377603931e-06
-4.627175479943471908e-06
3.673983594305827481e-06
-1.242200217396088347e-05
5.720932175776556495e-06
-9.499102044110256196e-06
1.680194015664954340e-05
-8.998001743230811550e-06
-2.838776265503517482e-06
-6.649188123000928367e-06
1.003746797707419863e-05
6.820787623939714107e-06
3.137021038973460313e-07
-5.567953648811167333e-06
-7.074997891252310889e-06
3.930333132075530559e-07
4.272541614187302424e-06
-5.543243706651250250e-07
8.454353456675189061e-06
-3.767893393442555258e-06
5.983667351008777622e-06
-2.079201828425155437e-05
1.269338942434666015e-05
-8.739200279981911896e-08
8.299416429392962184e-06
-8.336631180428546968e-06
-3.454865905244924700e-06
5.795697706928847211e-06
-1.464638718221246249e-06
-7.796864557743888810e-07
-1.295992421196924461e-05
1.241395909351910310e-05
1.020061037355965547e-05
2.999358215014367554e-06
-1.041493498104491028e-05
-4.567377662350676890e-06
-2.464355201102073487e-06
6.577194778154760341e-06
-2.326178027084263557e-06
4.262743290445025164e-06
-2.507555450648712783e-06
-8.280437227318503867e-07
-2.251006885447985999e-06
3.742477113630826565e-06
-2.364329249828498250e-06
-4.999719192640876900e-07
1.247331706613092963e-06
4.517337131642282266e-06
-7.967585286034830787e-07
-1.124361048818099077e-06
1.844051266389738373e-06
-6.653428196465197174e-07
-2.653702519425497715e-06
1.408710907205109902e-06
-3.370365765581661509e-06
3.283185426406693166e-06
-9.793362460565365585e-06
1.184197356371191955e-05
-3.679717396208868691e-06
4.172344995914003301e-06
-2.676694758051088762e-06
1.648527872843674530e-06
1.237433771304914501e-07
-1.724217854966003927e-06
1.130244654624864870e-07
-1.201546029757484385e-05
1.333611018168984785e-05
-1.272888526582305305e-06
1.861948373998584193e-05
-2.797967178497088366e-05
1.015488483845867619e-05
-1.642092383204057270e-05
3.300718618859499573e-05
-1.616536368875213375e-05
8.808379762112513380e-06
-1.632875455122684584e-05
8.482945266073920785e-06
-6.264467042904218254e-06
1.600722099163414926e-05
-9.001500144937550927e-06
1.023220280999070622e-05
-1.820682624430244986e-05
4.097023226237995173e-06
-4.658448694224941433e-06
-2.386058238425216714e-06
9.645340523427079453e-06
2.699817333888910314e-06
1.203973195486235131e-05
-1.699802041571592048e-05
-1.050515570887655848e-05
5.089065212892539710e-07
1.340174609337785903e-05
1.027050800892040506e-05
-7.559161787817252073e-06
-5.537212297250178947e-06
-1.777360831306909030e-05
1.243222426806396083e-05
2.799456700793633551e-06
1.326590969363159840e-05
-5.573904171236213877e-06
-1.063322971119578573e-05
-7.919172015319201133e-06
7.128791087478454823e-06
5.773791735067458420e-06
1.230416104745412286e-05
-1.439376831469435122e-05
-2.942382992860490727e-06
-2.061914296722015507e-05
1.940057825968869562e-05
-5.300843588763263364e-07
2.276354568390074378e-05
-1.750127728435510143e-05
-6.643992975992369266e-06
-9.339006111337364442e-06
4.128755700574449268e-06
1.062188408035236121e-05
9.861716102309058739e-06
-1.726267778513609967e-06
-1.030221620944354462e-05
-6.047271013780504744e-06
2.847188548900574741e-06
4.402868477704067039e-06
1.510174335443624326e-06
-6.611493234203529262e-06
4.891337875475389974e-06
2.028167198059532158e-06
9.823859976763124754e-06
-1.282700761288015559e-05
-1.446526445727137702e-05
5.972160593069409966e-06
7.913082595929706075e-06
1.574039545839164467e-05
-1.068016942145491574e-05
-5.981278289109153042e-06
-5.275899387019062649e-06
5.435412930647156656e-06
2.066803611215026012e-06
-6.355234881773498155e-07
3.358481445663354318e-06
-4.284214860371033154e-06
7.696529142489545196e-06
-7.514111096897731464e-06
6.920119428017512187e-07
-1.083109654932179589e-05
9.866657066203499474e-06
-1.133459831459993850e-06
5.457689863947743082e-06
-8.954407947520181892e-06
4.917328420882076910e-06
-1.454213809232165375e-06
4.378698526712032890e-07
2.040068304330172985e-07
1.085497017329832453e-05
-3.699752685616097803e-06
-4.089134707558076297e-06
-8.795700531888827922e-06
-3.645570526529133331e-06
6.023367232257660158e-06
1.338240948748797503e-06
6.184038286047049049e-06
-4.748350596520977855e-06
1.650799216116167573e-05
-1.623885114199589578e-05
1.487628874884677294e-06
-2.096159495748657172e-05
2.821412442938983102e-05
-1.056616075176587891e-05
1.698771429028752021e-05
-2.784884390670544366e-05
1.278715368679785090e-05
-9.325703040837317841e-06
1.346909563943247585e-05
-6.518975585565906548e-06
1.050366211751874545e-05
-1.562162615329569493e-05
7.291443190613265777e-06
-1.208202309148782715e-05
1.700511695668551406e-05
-3.560656662219482519e-06
4.356556922885086902e-06
9.369989223077121129e-06
-1.225391864145166493e-05
-1.789577077183706993e-06
-1.810795252717925795e-05
2.082217585774623377e-05
7.609991786003119244e-06
-6.135997071555078752e-07
-1.101068725852162029e-05
-8.964049037688846119e-06
9.699057958952055062e-06
6.007188105933197587e-07
1.240251046946102904e-05
-1.174932452938085040e-05
-1.469971191280527259e-06
-1.955590751831328931e-06
-9.465515017007307348e-06
1.576826905424112831e-05
-2.441167199237134224e-06
4.598858424096804095e-06
-5.907127151831043160e-06
-4.648224407268605946e-06
1.009988670134631577e-05
3.288916858000562354e-07
1.245610277808101592e-05
-1.308479081657630194e-05
1.837177080069830071e-06
-1.974957987013881749e-05
1.225815513606952838e-05
4.612366657980208282e-06
1.123579047920711051e-05
-8.039230254886878957e-06
-7.145791110628056707e-06
-7.788148516472510809e-06
5.726649896699709450e-06
8.234093835057785697e-06
4.745940923895193611e-06
-5.342362158039247306e-06
-3.153081997698759995e-06
-3.327899129497740758e-08
8.414438104162537586e-06
-1.051876057998544515e-05
-6.112265573096994868e-06
-8.830753414616632365e-06
1.742559925469829959e-05
1.802561369248033201e-05
-8.121222451446208991e-06
-9.585149437438366239e-06
-2.081937401696960525e-05
1.527739968905634344e-05
6.963556276830911281e-06
7.694500866411179595e-06
-4.374732886468363360e-06
-5.093230780587833299e-06
-1.197088799547764420e-06
-8.236180945317066280e-06
8.111481914113026812e-06
-8.587629286200570931e-06
1.512771610602988142e-05
-3.886462085197728381e-06
1.642893274858658911e-05
-1.863173932961819567e-05
2.676413422273629012e-06
-1.165744799170657424e-05
1.689045359233824281e-05
-5.140008363975378633e-06
8.314347226898780053e-07
7.440083703017644537e-07
-3.551486019058310600e-06
-1.015279711451325446e-05
2.061914089404653343e-07
1.000398997505752625e-05
1.626245417955657482e-05
-8.375978871140452514e-07
-1.252835192080652471e-05
-1.426992303382162573e-05
1.020188178224066057e-05
4.005311850319211994e-06
-1.998848514350335624e-06
-3.045413659102395473e-06
3.137804716057958660e-06
7.308092953462461904e-06
-1.565640246819064487e-05
9.418547313879134340e-06
-8.766289549137574590e-06
2.272838469153263676e-05
-1.306507830901817950e-05
7.945056280999986107e-06
-1.743486856824725574e-05
6.273160053001484179e-06
-1.195485002437433485e-05
1.992736927547119811e-05
-7.006517264357307836e-06
1.556646981049603469e-05
-2.164091061289429287e-05
9.645512016537792003e-06
-1.460218847290039627e-06
-5.453468693866364151e-06
2.646436487030865551e-06
-6.150657092696110344e-06
1.947653649159789612e-05
-1.480891668887626847e-05
-1.744394230043397108e-06
4.300440448460717867e-07
2.612733558200450730e-06
2.465229161325975475e-06
-5.808632215994403374e-06
4.050675292515649703e-06
-5.190403388587151703e-06
5.228257781657402219e-06
2.754539632767846626e-07
-6.385840129813342322e-06
1.858392603402450494e-05
-1.369536158140583346e-05
7.743933643647674266e-06
-1.596975756953799435e-05
5.050875389396664448e-06
-4.895193539996044375e-06
7.668600520948189777e-06
1.681532279481324572e-07
1.862654120759799125e-06
-4.174546736230478228e-06
-2.198638971820337459e-06
1.415330035145319120e-05
-3.903692526251564327e-06
-3.029783181317983012e-06
-1.534124779988439984e-05
8.823092169645388425e-06
3.736800582983586673e-06
1.697220457461653048e-05
-1.804003826587493534e-05
-2.138645867277629229e-06
-7.163551675291280702e-06
1.109445827169664666e-05
-2.412042276937450739e-07
8.250257431117256332e-06
-1.684808124787139525e-05
1.101009514171539969e-05
-3.954321430064144542e-07
1.902476529720848462e-05
-2.124656221833411972e-05
-9.903806003090314690e-06
-6.482422308602979040e-06
1.745115920475504741e-05
1.422761168245003175e-05
-3.484336162737782987e-06
-1.274573540196332526e-05
-7.971210765825941823e-06
2.623213353812859597e-06
8.282577308195573519e-06
7.191384449449063944e-06
2.671778892784574925e-06
-1.105197910459839556e-05
-1.227406636728072917e-06
-6.111029560864806340e-06
6.111154931253024120e-06
-5.708489830379878412e-06
1.088896225590019637e-05
-5.746212588343763729e-06
4.544111432577788494e-06
-1.804654777121075842e-05
1.380432979217028643e-05
4.564159424209957918e-06
-8.717934396515871696e-07
-3.543357834880813009e-06
1.152748894258068267e-05
-4.462542175827541281e-07
-8.743425364297078284e-06
-2.182476810089016613e-05
6.413432364549029348e-06
1.378357290436441773e-05
1.634387533801641849e-05
-1.702659649426544906e-05
-1.653641140866747092e-06
1.205914834064633685e-06
1.083012111844791401e-05
-1.019098220992780905e-05
-1.052654224256820797e-05
1.001993894239784333e-05
8.196766511256934090e-07
6.534608631363288776e-06
-1.438932887845834008e-05
6.996055985432499815e-06
-1.103256765970577807e-05
1.229905411675605622e-05
1.261539420417962869e-06
7.757982777999452057e-06
-1.095548200997546753e-05
3.075619974828878986e-06
-1.170916776497618769e-05
1.694468991232391428e-05
-9.825905394404888630e-06
1.835772716018046870e-06
6.250929001810974126e-06
-4.871468759670260278e-06
7.358333779154818304e-06
-2.170423147979681154e-05
1.411962089038614587e-05
-2.553844787891955291e-06
6.559677823275056774e-07
2.476322409896169102e-06
4.142054146273669583e-06
-5.292055343647017991e-07
-5.117542885624775050e-06
-2.534208095060845398e-06
7.127175857061505721e-06
-2.632045035947655753e-06
1.181157258625976213e-05
-2.348385107091331361e-05
1.241016369798324020e-05
-9.321144888978133943e-06
2.052610433409976325e-05
-9.883545555539617248e-06
8.459768871881852073e-06
-1.634092321366848003e-05
5.951464595535049645e-06
-1.155014399300827846e-05
1.318392074453246097e-05
-9.812138279712845232e-07
-2.990045207824065167e-06
-7.817266147394409681e-07
1.462104424812171510e-06
6.826583478617205371e-07
5.524398438275653791e-07
-1.700686856078334713e-07
-1.068607697518151415e-05
1.484564823366745577e-05
-4.053076362074280355e-06
9.644183788492247250e-06
-1.697533596306898240e-05
5.652576195952331039e-06
-4.349527390785438478e-06
1.282536966414933797e-05
-9.760760515529110800e-06
-2.403605861199001638e-06
-1.420095099497255388e-05
1.754406132856198327e-05
6.841979241497106133e-06
5.779212956048504986e-06
-1.381575723675941694e-05
-1.145058560612722497e-05
5.251673346717128298e-06
8.656882481290865554e-06
9.022848811841403951e-06
-7.357412236992286374e-06
-5.483766904013593318e-06
-3.741925543662943600e-06
8.340394131401091069e-08
7.028544378701484275e-06
-7.488083908033947389e-06
9.681425180330465282e-06
-4.021887994504658683e-06
1.028737478855112409e-05
-1.381604157400083833e-05
3.821094868176417642e-06
-9.318517774158852676e-06
2.401202504703325085e-05
-1.111375756685362437e-05
1.943534531386054865e-06
-7.773510845586243829e-06
2.540586133058906763e-06
-8.353599091335326933e-06
4.129894157500019566e-06
3.151433526546142997e-06
1.708880891973074256e-05
-1.098868783370228830e-05
-5.649756744967737997e-06
-1.081823227622044097e-05
1.717772589875177775e-05
-6.284764021321897280e-06
-3.115742975382699033e-06
-1.639185856188288325e-05
1.996418595820682120e-05
1.446807756274074317e-05
-6.009340206826253272e-06
-8.347580180823111062e-06
-1.412052604233067571e-05
1.050988048341426220e-05
2.717646540219719375e-06
1.078168430752013792e-05
-3.153878135088070654e-06
-7.187570102998859135e-06
-4.436676948174329585e-06
3.802965883195054602e-06
-6.136278812651350362e-07
6.618660506044071480e-06
-1.128130808995110440e-05
8.512748689974155387e-06
2.518214011630787963e-06
-1.140782430826481209e-05
5.596946104267852249e-06
-8.213324573188378309e-06
2.399691469287319366e-05
-1.533784254930229166e-05
4.370331091253631866e-06
-4.237431742185663295e-06
-8.584304098274357739e-07
-5.338473388466202096e-06
6.165122638164657930e-06
3.051232689146290213e-06
6.919914454685336621e-06
-1.816811546671319978e-05
7.064849135412159179e-06
-1.883534352063812180e-05
3.316204903188967848e-05
-1.674643485542378688e-05
1.459555749238565667e-05
-2.832757749980576324e-05
1.799173171091888006e-05
-6.925678227486988393e-06
1.980853974641677169e-05
-1.450082392668045620e-05
7.213523868368153790e-06
-1.589364405938052999e-05
1.005636610123116687e-05
1.683977388260954780e-06
3.257824985381455216e-06
-5.933918791750130824e-06
-8.692629705249706239e-06
3.330810770518093889e-06
3.967515406553123425e-06
1.616816758289387639e-05
-1.441238868607621444e-05
-1.645337118630312278e-06
-1.023957887116745617e-05
1.585631305423076422e-05
-3.628386544772591626e-06
-3.275174628005252317e-06
-2.643411458767205835e-06
8.594843360371145292e-06
6.550112903929377344e-06
3.423890560131293504e-06
-1.097629052972313585e-05
-7.013406635597514070e-06
2.524856647905101428e-06
4.645706354971169242e-06
7.164744257057843155e-06
-9.103522992520622588e-06
-1.354060220564653756e-07
-6.506747543552512903e-06
1.552843062941310759e-05
-5.924713250191768043e-06
6.900994644501432627e-06
-1.921967851771885132e-05
1.098170936421975752e-05
5.883087033663966599e-06
9.431112641628610905e-06
-1.579261759342824543e-05
-1.093567574102251938e-05
-3.293924742856154745e-07
1.309861302026457799e-05
1.243510808280310926e-05
-7.841795612314360819e-06
-7.435483817045779016e-06
-8.447399289554871027e-06
3.728539466071680775e-06
5.456569955731482353e-06
1.811866386701800470e-06
-1.119066079776891306e-07
1.712411385414625183e-08
3.918900720149645249e-07
5.984279456764135997e-06
-7.993357120533048718e-06
-4.051047634604028984e-06
-8.552348740626841263e-06
1.298861357842095966e-05
3.975183727228904319e-06
1.010285973968520988e-05
-1.298522224197484884e-05
-5.651113232383094071e-06
1.352893597820661170e-06
3.149903690438185550e-06
3.889317079089986226e-06
-8.515890456146810468e-06
8.077241273795138246e-06
6.866179631631643397e-07
1.575689628892626266e-06
-6.343913065023094996e-06
-1.239993873017596364e-06
-3.317393755132227029e-06
5.774914045862154593e-06
-1.962167545441299019e-06
9.773303769469137350e-06
-1.147824819870581582e-05
4.545901339971500894e-06
2.237981966546406996e-06
-1.194752888802108195e-06
-9.654632339129589645e-06
-1.003429817953361473e-06
6.461557319233820871e-06
7.809290482283229095e-06
-6.109229531759513657e-06
1.398900358081287728e-06
1.258215573703660479e-06
-7.747190105131708667e-06
2.837355038536552905e-06
-5.740182446186565537e-06
1.447051962609140124e-05
-7.433859285818267387e-06
1.007545117776987223e-05
-1.425717473758989217e-05
8.892300893991401383e-06
-8.907964151174534279e-07
3.729799420990633269e-06
-5.813450011048199927e-06
-3.369951291646687575e-06
-7.429516496185325190e-06
1.225182145438270585e-05
3.465100064718058516e-06
6.755551966055023039e-06
-1.143595973897326259e-05
-2.305225177798776346e-06
-2.347815347613009257e-07
1.182892577094626713e-06
5.403177626512994643e-06
-1.413618723678318121e-06
1.582656780091301712e-06
-5.494264779210310118e-06
1.017998805561989801e-05
-3.200975773661518788e-06
1.171553654407370066e-06
-8.913435032548564893e-06
6.020389773503078334e-06
3.550652556621770889e-06
1.343946457283195116e-06
-8.398690345885177986e-06
-3.178553194942481897e-06
-1.940503469245526981e-06
7.397011385488188050e-06
5.630831353820575094e-06
-2.754928382100758295e-06
-4.230835011300001553e-06
-4.660154826211602495e-06
4.297229505698963863e-06
2.153520273047001396e-06
2.191807876430867987e-06
-9.540447798270937168e-06
3.185360221573775080e-06
-6.571014932095645074e-06
1.641265148841240318e-05
-7.271782082659518910e-06
7.598475812743612023e-07
-1.561055931799325858e-05
1.571775892466764594e-05
5.477214843253616488e-06
7.229797155239982814e-06
-1.313935911252391005e-05
-1.328838402527990085e-05
7.159599786499548578e-06
5.761012031408448291e-06
9.401392873225251662e-06
-4.929426136842306207e-06
-5.118486996194963312e-06
-2.216931932914047766e-06
-1.211313882111233120e-07
3.980780172114072187e-06
6.216173840805543430e-06
-5.872896665425155693e-06
-2.101780349728929145e-06
-2.447614008951750431e-06
5.112503593379953123e-06
-1.385774206770989887e-06
-4.707929977849425882e-07
-7.971092204071950258e-06
7.233754011567218397e-06
-7.190437683541323738e-08
5.307766532250156319e-06
-3.427637823932539756e-06
-9.841611740572844311e-07
1.709817511634088670e-07
-2.940104152700915366e-06
-5.490688842312818349e-06
7.571214344223573473e-06
3.323848144308096792e-06
6.452844189600484068e-06
-2.905884007001764054e-06
-5.598758422019588300e-06
-2.834596504782121803e-06
-3.702280854086894050e-06
7.487854867166846636e-06
7.334794099094126896e-07
-9.534982391097568399e-06
9.434375197310227048e-06
9.125593341896775607e-06
5.528921021802122874e-06
-1.637218977798932538e-05
-1.067694616989319485e-05
6.208763254395977384e-06
5.368573399952389768e-06
4.556967004740027175e-06
-5.873075736822347664e-07
-6.351041874754171786e-06
3.398165112412214088e-06
-7.726633488738127582e-06
1.087065308549020583e-05
-1.219517634367312436e-05
1.220034212533013461e-05
-7.121212460169708546e-06
3.201459088157176283e-06
-1.267497068291035537e-06
-8.611490491199454204e-07
3.122487070396161190e-06
1.256359840511594728e-06
-2.895860295686141742e-06
-4.954096673583276873e-06
1.096924108909541680e-06
9.096513171232012158e-07
2.029927713699736335e-06
-6.962470317265549534e-06
8.234898555691895131e-06
-5.244416607716241663e-06
7.335959557302322451e-06
-8.657446655614224935e-06
-4.960346734218233468e-07
-8.284754724900354040e-06
8.525317522082520664e-06
4.382447529649089501e-06
3.808455788107478494e-06
-8.132061599408898979e-06
-6.185042206941010481e-06
9.807304480918701514e-07
5.443710528342858756e-06
2.380917049820503720e-06
-5.674300907799694860e-07
-2.615406440731996604e-06
-8.833119580017427338e-06
6.587426370970847532e-06
2.808642965804264974e-06
9.164246819471091743e-06
-4.406347372001719433e-06
-1.865096125513541217e-06
-2.391481991904175795e-06
1.922907386097745218e-06
9.696632356604649915e-07
4.210360372986730057e-06
-1.016070976946576155e-05
4.362038428427999790e-06
-1.058552147209431932e-06
1.892436610733921171e-05
-1.742832472886083914e-05
-5.319369885683251688e-06
-1.520788519171252398e-05
1.956163688945011195e-05
1.173928206800703562e-05
2.055655912555494179e-06
-1.362884323035640878e-05
-8.411715978429599454e-06
1.238050182029652900e-06
8.536919907507774078e-06
2.899667340639526879e-06
-3.171377260433014175e-06
-1.180164180391889345e-06
-2.950482415108926544e-06
6.910533235965725679e-06
-4.082331358337467565e-06
8.716489110785101275e-08
-5.874122443841762286e-06
6.140250801211526192e-06
-4.291503567594231130e-06
1.520938327954569804e-05
-1.056879130634011078e-05
2.203605354844343728e-06
-7.016991937831604012e-06
3.310225617915990057e-06
2.376415853073561885e-06
-8.486367146713596259e-06
8.218481045746085171e-06
5.315943822646223605e-06
-3.033213123639873557e-06
-3.997405682333319441e-06
-8.393608644570672357e-06
7.140393863181117389e-06
2.475417676422898359e-06
8.204677538140397433e-06
-4.170434124352575380e-06
-6.483694315436366057e-06
-3.149561126973464157e-06
9.699575285719865648e-06
-6.657567078272491994e-06
-6.530627262314835153e-06
-2.247645732836263098e-06
9.227813826623988789e-06
1.283682340393099334e-05
-1.521333929305496885e-05
2.690774045890215860e-06
-8.086009844379799289e-06
8.878830077691160421e-06
-5.502110751964615464e-07
9.807264754949791537e-07
1.010829716373065002e-06
-3.039274462631445873e-06
3.655014850623282445e-06
1.229993211944143705e-06
-5.202495836244225316e-06
3.728355982233496859e-06
-7.982127308227103665e-06
9.991015167432852680e-06
-4.212229642758598305e-06
1.080991313028465011e-06
-3.697851812799503279e-06
5.826858306040129260e-06
-3.773182934962502878e-06
2.231155209362028195e-06
-4.917876198442667267e-06
1.218574662958120406e-05
-9.834548381900681140e-06
6.837914893521391049e-06
-1.139110428945771869e-05
7.913263092342032388e-06
-2.766566409150056466e-06
9.085861385659708766e-06
-6.090570351876582849e-06
3.262186932252992123e-07
-5.384942150956050012e-06
5.467293094615147391e-06
4.318955020030585047e-06
-2.659422044903745856e-06
-5.060895888357589803e-07
8.887640907352456010e-07
4.900356523476957120e-06
-5.479756830638600086e-06
7.738601719190979565e-06
-1.006667943975279647e-05
2.902868578848045075e-06
-1.202280051027066160e-05
8.914364460755977730e-06
-9.279259476948510243e-07
9.347845324793562486e-06
-4.090018843050546345e-06
-4.035411559731731903e-06
-8.676478560393254534e-06
1.201851397171698900e-05
-2.373552681476670550e-06
5.014143554758715581e-06
-2.234770512723812806e-05
1.618267706279555716e-05
2.120723411888012599e-06
1.762529457681624612e-05
-1.927723185352251778e-05
-8.211990421527758471e-06
-7.324414141629538675e-06
1.558581220992875940e-05
4.965205002387201264e-06
2.829622467102074516e-06
-7.827699068451084049e-06
6.952780619409577542e-07
3.597764415765987430e-07
-1.330995867625102675e-06
2.246188340815995369e-06
1.030000652360131431e-06
-2.669936225472524591e-06
3.058099971494121323e-06
-4.264955776792659698e-06
8.852770897028501771e-07
-4.089716213392708446e-06
-3.372852614126049285e-06
9.094784666702347657e-06
3.225532578587891780e-07
4.868872966416802534e-06
-6.228226174062441797e-06
-2.972818394620940119e-06
7.674748329990643841e-06
-3.407599080178236317e-06
-7.214079174253669577e-06
3.755483555914308156e-06
1.441423909052226455e-06
4.757219417886139169e-06
-4.674111079389569001e-06
2.519183535001503531e-06
-9.356164568954189283e-07
6.930330691332623914e-07
-1.128587026902665047e-06
5.099872539948270846e-09
-6.124559027287882261e-06
7.152870841075198896e-06
4.940807497023612495e-06
1.313776530322866528e-06
-7.015729436078774133e-06
-1.131430941253885280e-05
1.519083880940551529e-05
-4.553635073144787125e-06
9.804361286283772191e-06
-9.805428816666158050e-06
4.919219054881769063e-07
-2.771217199309326333e-06
1.201129591245951800e-06
2.685585173678827942e-06
-1.426442492345293822e-06
-4.709309361550225329e-06
3.656391430210897531e-06
-4.557743178592525945e-06
6.245083392514175718e-06
-2.395270460277907018e-06
-4.665558855640814510e-07
1.775587836963321166e-06
-3.664000062667743601e-06
-1.884462622179120214e-06
3.239744064759113730e-06
3.763272384803779018e-06
7.663180038589872441e-06
-8.545443044706800957e-06
2.962164732126521903e-06
-1.269816879186834833e-05
9.170534393442673232e-06
-7.519263717156558096e-08
8.274510432625124584e-06
-5.843888849593032079e-06
-1.028829306033807208e-06
-4.602620663819483921e-06
2.216936223702779115e-06
7.075164611193781754e-07
5.919461969381966368e-07
4.180713726568373165e-06
-6.488936101615646648e-06
-2.363149776449651268e-06
-1.426306689984552879e-05
1.628436321539106788e-05
-3.751233705330975107e-06
1.538252659552937835e-05
-9.844475773134318711e-06
4.018093236986846894e-06
-5.102095219225896435e-06
1.883593784683425525e-06
-4.438979492312631303e-06
-2.338031909239758521e-06
6.133213743538698957e-06
2.772374045099515040e-06
-4.649501400596089391e-06
1.590718977503693424e-06
-5.956408956920704626e-07
1.331684310069788420e-05
-1.273167440446005442e-05
-5.649717503542466956e-06
-1.088454079106435247e-05
1.611807866075900164e-05
9.195043403644020383e-06
6.213326314585673131e-06
-1.423767209461194812e-05
-4.434747062911849509e-06
-3.988186410234827848e-06
6.578613299946863470e-06
9.046397974803710565e-07
-2.686884644964728434e-06
3.532784595589239316e-06
-2.058171154954511916e-06
4.763013081152752848e-08
-8.173481835820621650e-07
-4.230479710461941138e-06
3.113087282980558082e-06
2.008238442739139162e-06
3.790393108847395630e-06
5.567715479449606783e-06
-1.021888433897801923e-05
2.478046519947237484e-08
-7.638890275534108713e-06
8.761412635206324386e-06
5.694385855873872136e-06
-9.355783100212950395e-06
1.727989870655681543e-06
4.375755893756167150e-06
-2.359607287952615706e-06
-1.319639676490220708e-07
-1.172939895385307674e-06
2.689690135675363250e-06
-3.855473275024338130e-06
-2.860831125329012935e-06
3.856088082159864749e-06
7.411685485415450480e-07
2.939235563781495572e-07
2.265532753377354732e-06
-1.172813564046771560e-06
-2.674271015568158738e-06
8.842350190413661436e-07
-4.043317928191928903e-07
9.643827841682078768e-06
-1.603922905689093387e-05
8.297368122576121894e-06
-1.110851595834035573e-05
1.526894744482026775e-05
-5.294009045717034710e-06
4.690857103090459927e-06
-8.739606767149442682e-06
1.567913411204385134e-06
2.706009979900736423e-07
7.718809325969172084e-06
-4.344828474978791515e-06
2.348088987709232104e-06
-1.978695655219136123e-07
-8.871183525811315401e-07
1.487004659365567959e-06
-3.377327340692022437e-06
5.474832126934810487e-07
4.538715987447678010e-06
-5.005270302826824663e-06
4.549452439252022978e-06
-6.724007529112840047e-06
3.183468633037209445e-06
-5.381141865172075337e-06
1.128585764073306751e-05
-5.499160062621438404e-06
-5.326687885962407476e-07
-1.094968176519644493e-05
7.565205423317543213e-06
1.487609816904649808e-06
8.032816254146942718e-06
-4.289837628617070817e-06
-2.173824551567977160e-06
-4.678819767955099336e-06
2.771024284528619521e-06
2.237379817010017765e-06
3.076288438818447146e-06
7.509625383353961013e-06
-9.781712176064835288e-06
4.971448815625688098e-06
-9.372566840637532737e-06
5.001646154431371038e-06
-1.868470381707384327e-06
-5.418624393558224317e-06
4.392125249233833881e-06
-2.882061188040301122e-06
1.872622263806134098e-05
-1.308720442066663798e-05
9.035676946081986610e-06
-1.203049741361076336e-05
2.501384008309097043e-06
-7.958947186708146654e-06
2.902135538950930518e-06
4.803742259249067857e-06
8.376948159786347376e-06
2.986027953125352350e-06
-1.167784125161741254e-05
-5.238837327611816256e-06
-1.016280098802448360e-05
1.589118714446151220e-05
3.182769412612131913e-07
3.282779634753088272e-06
-2.648626314890800718e-06
-2.104270763762985518e-06
8.425273278267170587e-06
-7.974943331221972853e-06
8.738040762592423608e-06
-5.846458817322213721e-06
-1.024802592723198422e-06
-4.269722972342373121e-07
1.887546266785291278e-06
-2.050525111799033951e-06
-4.307718351599500734e-06
-1.392177181731169457e-05
2.017130759514334002e-05
3.899533667400558433e-06
9.187615545026379873e-06
-1.478827325902187211e-05
-1.152310372062236486e-05
1.609658274991224958e-05
-2.732234472299349462e-06
-4.269087232163635521e-06
3.288949794243699817e-06
-7.442320204933256566e-07
2.245467471890336012e-06
-8.350904450204351572e-06
7.479206010677821910e-06
-2.999759253755283562e-06
4.928264912510497106e-06
-2.834853350790125177e-06
-1.539142398008333818e-06
-5.496783971581272995e-06
7.724052664297843576e-06
1.117725083555937481e-05
-1.063315449041151485e-05
-2.664611368273084714e-07
-1.013207295828952295e-05
1.730552860846507293e-05
-8.426953391356520372e-06
1.169480410372845722e-05
-1.161768081068085209e-05
6.490258830716856988e-07
-6.111905131024811250e-06
1.448941724100193282e-05
-7.190917451196894434e-06
1.300677482383216706e-06
-2.204911217449983737e-05
1.864870484323366648e-05
-4.692343173259977034e-06
9.779066230829266219e-06
-6.819137763231463128e-06
-3.239913864458480716e-06
-3.151675529444589273e-06
5.147980308142882411e-06
3.369657365419475210e-06
6.315481097042476444e-06
-6.594601566467050050e-06
-5.915428007061420683e-06
4.342578562994078387e-06
2.068282051485729737e-06
2.965379772066505124e-06
-6.238638260231067364e-06
2.556002626968040671e-06
-2.030614527461607923e-07
-1.502378420344383132e-06
-1.033645864297116367e-06
-3.627976451165261266e-06
-1.159762823323988223e-06
5.288611325936044214e-06
9.056961648738324382e-06
-1.073532708148855656e-05
3.817986289021112550e-06
-8.501979326600254819e-06
6.177417436259455158e-06
-2.920719624403248540e-07
-1.479170104637075221e-06
2.278940172743640650e-06
2.096652059877045471e-07
-7.283672571773652109e-07
4.854397156020782706e-06
-5.991894053826905426e-06
7.925357992301448483e-06
-1.346162735059902964e-05
7.996686240076407540e-06
-1.274917936724945973e-05
1.090007664174265087e-05
5.051168591408631680e-09
7.527782126817395174e-06
-6.241087956748880662e-06
-3.489707101667246867e-07
-6.464286945074375064e-06
1.101572516849580403e-06
5.303082817511551068e-06
5.354030462777592837e-06
4.229974150992880782e-06
-1.033342289419116291e-05
2.782959997176375893e-07
-3.490397304975571078e-06
3.654033812841620746e-06
1.016608887126576668e-06
-6.002250460425671727e-06
5.499143714328656797e-06
-4.741245344828195543e-06
4.420915214562210304e-06
-1.874704190016401288e-06
-9.555546275659497813e-07
-1.181601993730499183e-06
1.721414744755643026e-06
2.435405662117367011e-06
1.345207119936985837e-05
-1.443708663919908974e-05
-2.343485304536387996e-06
-1.273045524723885767e-05
1.381753404348690946e-05
1.453733152805039057e-05
-1.384512702365357750e-05
5.263383781012666328e-07
-3.123145769104047107e-06
4.784317064797348687e-06
-5.581865573504315610e-07
-4.035259268917001451e-06
6.438427075050776356e-06
-4.326022836299963165e-06
3.233133548909403106e-06
-4.234832937145914167e-06
2.683385185780511585e-06
-4.409123710863670887e-06
3.155693480213931069e-06
1.065004216260121715e-06
3.951129988334700093e-06
5.900113324570551339e-06
-1.129407463315635020e-05
-5.978463200838898825e-06
-6.429282935535163081e-06
1.355459848879147883e-05
-7.565937010695426813e-07
6.942515274494963015e-06
-7.269496769569589057e-06
5.297466072950850659e-07
-1.008254955248115261e-05
9.711338215308758665e-06
8.394904939418882463e-06
8.455640121979988473e-06
-1.566566109810337774e-05
-7.675241808363482006e-06
5.481225551694731522e-06
1.251015180761886628e-06
1.063921128242392536e-05
-9.329587322708598083e-06
3.050397773034133647e-07
-1.092743379023487688e-05
6.008569527141848003e-06
5.418082642802284391e-06
1.105939597766600132e-05
-1.254254661347726599e-05
2.804246516393904144e-06
-4.165151239154555765e-06
1.124418175769198235e-05
-1.162116991014560594e-05
1.083327960916039939e-06
-3.892286413880921610e-06
5.672484252317835086e-06
2.089028981993173893e-06
4.977354231073079117e-06
-5.085935290718413310e-06
-7.022171417324883985e-06
8.996108049436531151e-06
-2.867968223319093336e-06
5.782903785705639226e-06
-1.059338230533492673e-05
4.858545547666140901e-06
2.637661206537240656e-06
5.213123215682766306e-07
-3.987509654076828448e-06
-2.795026184380805720e-06
-3.356647306643353339e-07
6.411386809415693322e-06
-4.246574516558041841e-06
5.128737889027189153e-06
-3.267783583095839373e-06
7.919460826689826314e-06
-2.919175137824924388e-06
-3.488728690736726221e-06
-2.004305243045708103e-06
-8.534987530423533305e-07
1.728686877399664453e-06
1.229360300872456239e-06
3.716970826766660528e-06
-5.135799643629501015e-06
-5.501252503736066897e-06
-2.761071357374905133e-06
8.174898853237949595e-06
-1.616792791297610452e-06
9.850586342341211953e-06
-7.607090788383709756e-06
5.489676950097095136e-06
-2.418534056939216060e-06
-3.265992460677049014e-06
-4.410703444941157123e-06
1.085648219982810564e-06
3.589130631492164171e-06
8.799392406104217837e-06
-7.029224723085803141e-06
-7.820385010041577626e-07
-7.058518599239847198e-06
-2.023697373885359384e-06
9.281422255313623827e-06
5.506387313159689801e-06
-1.766136827100723853e-07
-6.357803478299714612e-06
-6.709005611319715737e-06
7.899205573636547271e-06
-2.350645376537170776e-06
2.858444399181437251e-07
-5.158595712005131060e-06
4.060602064753988496e-06
-3.864127764539927078e-07
7.961219584662648275e-06
-4.613244761532464598e-06
-1.795837155124983121e-06
-2.015732623049018958e-06
1.947702295410363287e-06
3.504609218915959892e-06
-9.333400170598415071e-06
8.270929241108536644e-06
-3.418091285819942272e-06
1.018073289060984453e-05
-9.082659417475827474e-06
3.885856277352084528e-06
-3.765164647562128488e-06
8.492388588900600898e-07
2.647042964467375651e-06
-1.148518207837013493e-05
9.004702752686203601e-06
-5.335006479103773452e-06
1.336971071924050283e-05
-8.250771060089990796e-06
-4.101090083434179905e-06
6.974743665941771682e-07
2.082635360079716940e-06
6.986900137554079763e-06
-8.585968928901054574e-06
1.113058345636436384e-06
-9.324345155956620621e-06
1.031445200592025678e-05
-1.886165115285731976e-06
9.776363748775718178e-06
-5.450027448343046603e-06
6.104928958629072734e-07
-6.580301293791338678e-06
7.087589185991538212e-06
-3.767012184395079290e-06
1.537175222629299300e-06
-9.341760019369434257e-06
1.115492557003825616e-05
2.780712712425738943e-06
9.547042085867582300e-06
-1.358073959976308141e-05
-3.032281402458182828e-06
-7.130329383411953325e-06
9.163838852482009337e-06
1.987769826137160755e-07
-2.970017071958868538e-06
1.763883860515049252e-06
-1.357960041343868015e-06
6.229328210220173788e-06
-1.965346530025541926e-06
-1.176845858001060078e-06
-3.171388107102173336e-06
4.184153538039055331e-06
2.873328295267366714e-06
2.214738557234375020e-06
-7.611850324080251000e-06
-1.740487563983598789e-06
8.961895886677125991e-08
3.982018124701732329e-06
-2.346415183111156782e-06
-2.297815087173764187e-06
1.849215270785471154e-06
-1.003085484430107284e-06
2.222013840926167724e-06
-2.219709735445608741e-07
2.197107669189596758e-06
-3.346485178196861338e-06
2.307113141949520998e-06
-2.058415353746793119e-07
4.810982589203915161e-06
-5.781603081103139287e-06
4.914801135679529990e-06
-1.260079385981350948e-05
8.624175302826629546e-06
-7.402279875844949455e-06
7.006927196633577009e-06
-3.432661016991459914e-07
6.158378615232827564e-06
-1.933382113613523547e-06
-3.449534339790948688e-06
-8.696355682537208027e-06
6.847966431178266772e-06
4.181893890966413986e-07
9.445389654053443728e-06
-7.242963455407328867e-06
-2.495301737591437696e-06
-7.408431111982859729e-06
5.004302276560454479e-06
2.940619177424037249e-06
6.543079634594763353e-06
-4.323086943925736624e-06
-1.028766812420143479e-06
-1.073422020590368843e-06
3.412081981009617719e-07
-6.123415243037681556e-07
4.555474197963179950e-07
-4.647586951248543156e-06
2.990629479722880471e-06
2.161331163379983667e-06
6.616846572922311168e-08
-4.540139699257743724e-07
-5.740084513941242855e-06
1.169951758324820723e-05
-5.795077661483023047e-06
4.392106138390539661e-06
-1.079635895199604928e-05
6.632188758543454525e-06
-1.852877255441270126e-06
1.806449256361833980e-07
1.395683551585629029e-06
2.072115884421245208e-07
1.182660163361322038e-05
-1.218630823772584183e-05
4.812376113123387222e-06
-1.366696350010603489e-05
9.034994053856605504e-06
-1.110648037666274934e-07
3.227471921106542466e-06
-7.431840747176365645e-07
-5.905304421386724613e-06
7.036692647026709504e-06
-4.540820188005156491e-06
4.832532307547820557e-06
-4.431843233850890428e-06
2.146968526052295299e-06
-2.782174676775104027e-06
-9.593334270724857895e-07
-5.005100119211353202e-07
-2.198416224600197781e-07
-2.193762648220260855e-06
4.623916751944270836e-06
5.862956068836383105e-06
-1.427465076374648855e-07
-6.877121673679852290e-06
-1.438128772817263909e-05
7.106494861765414071e-06
8.084870679674834883e-06
1.174073250430950187e-05
-1.018609314329463870e-05
-3.697682591200215543e-06
6.938757274919867803e-07
3.097979590895433786e-06
-1.910851701450867820e-06
3.306826574765691829e-06
-6.953604073622256304e-06
3.364050706196755825e-07
-6.727089058609730154e-06
1.142003304228021474e-05
-5.543644893544586985e-06
2.369626420777117849e-06
-6.493554914883002731e-06
5.801032483432635008e-06
1.410815986454679955e-06
-3.612748655414879006e-06
-1.471614944186111371e-06
1.518489915841959111e-06
2.025430366705043494e-06
-1.083694164518755060e-06
1.703174879851919574e-06
3.675714856168898280e-06
-3.091636315662899726e-06
-8.230125309979021428e-07
-5.375248723164577271e-06
3.325921952466781864e-06
-7.128757053304165932e-07
2.259707402230355377e-06
-8.479622682377533595e-07
-2.793989617381069727e-06
4.598459647532335585e-06
-2.290879709076698767e-06
3.847334013289021220e-06
-4.250967389812518696e-06
9.427962373121755875e-07
-2.009462995616348296e-06
1.788532988679638618e-07
2.464039608511706303e-06
8.608847730655686281e-07
1.284899393118231393e-06
-2.563490402403183252e-06
-2.311665555041772617e-06
3.733497418950915263e-06
-3.566849837172104956e-07
1.372898214362376469e-06
2.350626077173387257e-06
-4.831861152789255943e-06
-8.380273739421608713e-06
3.191118583326385510e-06
4.281126135748063940e-06
7.196352867007433197e-06
-2.158427739717201738e-06
-3.873989295293304970e-06
2.086152129987346413e-06
-7.385434761360960381e-06
4.628075449877888646e-06
-5.807471430886601034e-06
7.595080433346699045e-06
-2.560567143674630003e-06
2.266409365900458283e-06
-3.061998694447542771e-06
1.000100391604989263e-06
-3.696408396638753741e-06
1.636620825195804558e-06
3.760342938773771722e-06
1.135461424696661102e-06
2.099061698491901383e-06
-5.833627437949400942e-06
5.333766130766894557e-06
-1.137810452351465209e-05
7.000993132256854738e-06
-4.481645246100882067e-06
8.071747959149734415e-06
-6.705002382879735756e-06
-1.621575283498679723e-06
-2.823285537629470928e-06
1.088321164534695998e-05
1.219709638427549840e-05
-4.275979425968879930e-06
-8.795165208363509360e-06
-8.490007374769325182e-06
4.479990667459808038e-06
1.732599492363571529e-06
3.964729146132012605e-06
-3.601157062917040880e-06
8.622069062376249711e-07
9.595291636562886428e-09
4.448823947840145954e-06
-7.721089052219733221e-06
-1.467712671602804312e-05
8.278484693306704571e-06
9.335901791254641065e-06
2.417501560020918203e-05
-1.694792400606841826e-05
-8.139110772967622734e-06
-1.202519142334531542e-05
8.370624780221752858e-06
6.358305573920001830e-06
7.171245604815530830e-07
-1.947592319096292803e-06
7.871087066368854260e-07
-1.236647377065242462e-06
1.920784861807586970e-06
7.724095327747537885e-07
5.053599142337308690e-06
-6.742154890560007424e-06
2.225386913180654521e-06
-4.785450674573435134e-06
6.291378322016388764e-06
-1.069836625502912779e-06
1.572233453518121659e-06
-3.146675008106816632e-07
-1.009521923213545308e-06
7.547887591083341863e-07
-1.254487115876018807e-06
9.566062934494620859e-07
-5.619229550952998636e-06
-4.748781157787144652e-06
7.549104941968009890e-06
5.151244705871819437e-06
7.354524040182900267e-06
-9.600119966321730644e-06
-1.870267550684692662e-06
-8.365813750998856533e-06
9.917949267252648370e-06
2.315516595092501352e-06
5.095187069017053673e-06
-7.539288080295533109e-06
-5.158946632620466484e-06
2.653690520479381706e-06
1.588124641332775749e-06
1.413381805155847978e-06
1.048566637650877694e-07
-2.428322292286425969e-06
1.468288635280164564e-06
-2.642725657579449227e-06
1.666160482668190239e-06
5.313981494885127687e-07
-3.374735596857728023e-06
-1.512190613592363430e-07
2.160847915702509205e-06
-4.074975408633947936e-06
5.255887535334124151e-06
1.237085430799542630e-06
5.348238680993053395e-06
-8.299819127267831989e-06
-3.503970288270904895e-06
-5.503080134080557939e-07
5.117293363012515622e-06
3.298826625553358994e-06
-2.679853748002151777e-06
-7.074625189623685387e-07
1.559239312528760023e-06
7.766357609105209484e-07
-2.498341389397667118e-06
-3.682657554359880467e-06
4.410722387423706178e-06
-1.836695954555836642e-06
2.502888101968359122e-06
-6.708162530595854454e-06
6.740315143273661156e-06
-1.863591216812223854e-06
5.460078537461813374e-06
-4.764408489704576673e-06
3.757222885745658886e-06
1.696995676428558861e-06
-7.191967055439480030e-06
3.822312365191246152e-07
2.564789469625366554e-07
1.887820436473162312e-06
-6.416623236054596898e-06
-4.641881034795140318e-06
7.724356495159507687e-06
-7.065192535875540955e-06
1.583078828461669543e-05
-4.504040904493553956e-06
5.644005915851876332e-06
-8.809668483022209027e-06
2.062009312530491459e-06
-6.610153990251263862e-06
6.612918245630152535e-06
-1.539839405028781930e-06
7.915797999772304871e-06
-1.359270116858411593e-05
1.189019124292549053e-05
3.700956351606932531e-06
2.221796056680675402e-06
-1.211573637952654769e-05
-1.016709697470234094e-05
2.449804958651809024e-06
8.742047178568493091e-06
5.425061435686702235e-06
-3.456205875252821834e-06
-2.516404633551433197e-06
-2.020305494548917772e-06
-2.504135537434086107e-06
3.119316358502361033e-06
1.481459540078878148e-06
4.605078534483746044e-06
-4.594928635415899580e-06
-3.319611913132557972e-06
-4.647143255497670651e-06
7.305948980203513235e-06
2.398607579277029605e-06
3.649180014775705429e-06
-6.885459350543723691e-06
3.144015383067758711e-06
-3.786825191127379681e-06
3.101344447386453529e-06
-6.666575438310082555e-06
5.603410001991938861e-06
-2.586788546530330833e-07
1.185214016285641997e-05
-2.029583855741997898e-06
-9.219561548796692570e-06
-1.058812959645213147e-05
-5.533058007804410506e-07
8.948093582943562245e-06
4.746243911281342967e-06
5.488562279217764888e-06
-9.954060150903604358e-06
-1.900992696705736698e-06
-7.743118105886040041e-06
1.057650193097848853e-05
-4.830910519999672018e-07
4.932973447378142570e-06
-4.879092131161856930e-06
4.408857237020593948e-06
-8.663804321459805762e-06
5.198618703742051955e-06
-8.738224445510559368e-06
1.281579487093864845e-05
-2.562043813090130869e-06
1.143504773932457652e-05
-8.379062537455007366e-06
-5.145150136220635832e-07
-7.955089703179337091e-06
1.261689115768834753e-05
-8.649535728364134330e-06
-2.794219888906376929e-06
-4.741463002467771072e-06
9.252642344339552229e-06
9.158263423902743186e-06
-3.989022492738699241e-06
-5.350306707106157074e-06
-1.514659773690276539e-06
-7.186379414370726837e-07
2.100212963093178216e-06
-3.721113537413357285e-06
3.141645724450046364e-06
-3.214562458767458096e-07
-6.699344512689950756e-08
1.474407874082578297e-06
1.108757722802661158e-07
-4.144499862433550860e-06
2.193125361406678099e-06
-1.086396148755043783e-06
5.324437713501674864e-06
-7.180341636442271840e-06
7.435771470407966726e-06
-4.933769098719815816e-06
3.548386124184750427e-06
-3.609670315865321587e-07
3.830325495329478278e-06
-3.508565603628481945e-06
-2.868092023809489994e-06
-2.422675757335994836e-06
-1.454056269077928570e-06
5.891500163914821950e-06
1.538937601022355867e-05
-1.008722142695118006e-05
-1.096944951568190949e-05
-6.615739100081614156e-06
1.837026068118432633e-06
4.517467007392983279e-06
8.849784333124911294e-06
6.773828138978412472e-07
-4.315949118597046553e-06
-1.152696803981954644e-05
1.040813093546399662e-05
-7.457101503505027497e-06
-4.089045580504783255e-06
1.430407717444910658e-06
7.086046700967477645e-06
6.380563271376921841e-06
-1.930364079802514598e-06
-3.175615903609686180e-06
-1.246384153455558087e-06
3.001951923283170312e-06
-2.387499986200176927e-06
4.941289750888877967e-06
5.692351281283343217e-06
-9.409021789325846150e-06
-3.190401389088591007e-06
-7.828688594458776788e-06
9.368101717642554448e-06
4.588263609488976233e-06
9.465273105476708436e-06
-1.385262184572862927e-05
-4.216951373172184145e-06
-5.076702935675471701e-06
8.709251507750775432e-06
-1.435508287801954437e-06
3.852397012934908718e-06
-2.678158276545316729e-06
5.196542002133119519e-06
-1.037234668460289024e-05
4.242941036637256616e-06
-7.331945909513554847e-06
6.211451507498634861e-06
5.928099387005554463e-06
7.792245801026413167e-06
-3.528804465611415901e-06
-8.212560763969051447e-06
-7.078369853090733828e-06
2.768358084437520079e-06
5.916494906725112683e-06
2.658855625732567812e-06
8.204372460261993440e-06
-9.655762304005018247e-06
3.421975561923241969e-06
-1.160401977612737337e-05
6.394922495898827672e-06
-4.478092537025455759e-06
1.265864061486876905e-05
-8.028445309043784833e-06
1.330700054457113917e-05
-2.373561571338936066e-05
1.071471126591565932e-05
-2.037039277870728065e-05
2.125885941507937347e-05
-1.830500414689997174e-06
1.180264869817512885e-05
-2.331698750016469675e-05
1.299023161709305967e-05
3.024909543707852764e-06
8.760510196484803917e-06
-1.281399055037290739e-05
-6.907998939818130741e-06
-5.812758741485253110e-08
6.681442121143990417e-06
-8.048160953316196129e-06
2.121456590275448730e-05
-1.386994125927379305e-05
1.088427309719205313e-05
-1.946784736874677651e-05
9.234152960323376079e-06
9.336172314507247181e-06
-1.474525664875157271e-05
5.396662532647102220e-06
-9.788779484630767539e-06
1.888304918888150931e-05
-6.649024437307649797e-06
5.831157445261412017e-07
1.016992507335650985e-07
-7.550433511967277603e-06
-4.171136412837942717e-06
4.230484370949816409e-06
5.195702321032280769e-06
2.343493452635680497e-06
-6.114305752186668868e-06
4.224615787100842611e-06
1.218934554213672440e-05
1.673529557681159027e-06
-1.423625481278814928e-05
-2.541382603246971543e-05
9.790197898971718404e-06
1.551108266445770466e-05
6.872496621225869146e-06
-1.360041154896670453e-07
1.897193905039307875e-06
-1.071142392330358350e-05
-6.472234421377285287e-06
6.621475065130574062e-06
1.134156346234126596e-05
-1.246904164346210977e-05
9.213942667069245656e-06
1.073450870913453724e-05
1.300238192250977882e-05
-2.539363197305509028e-05
-2.312056752315494457e-06
-2.870157339743766673e-05
3.105453310432503911e-05
-6.906463313365935252e-06
1.894827001042836888e-05
-1.345222724324532654e-05
4.648524306313682049e-07
-1.360938963357432780e-05
1.104304058101589258e-05
1.013256860251200220e-07
1.347773821700723088e-05
-1.146047997561196150e-05
-4.893028397107914522e-06
-1.168541260498032581e-05
1.593616781108728612e-05
7.874917184562205683e-06
4.475338079169906250e-06
-9.823827801715857421e-06
-4.896746919567075540e-06
2.897879280937239456e-06
-6.624166308534015526e-07
-8.209166416692167628e-07
5.688218357233760353e-06
-3.911700674031324838e-06
2.546999224060880567e-06
-5.592959685743984446e-06
6.854111956608774343e-07
-3.024474772675912786e-06
1.548585838489881044e-06
4.807170861055669095e-06
2.026765049764999047e-06
-2.471897007413138462e-06
-3.773989992688547900e-06
1.404857704109752578e-06
-5.804988070357983688e-06
7.710481781074667645e-06
-1.904481720474120455e-06
8.299279581107369726e-06
-6.123728977935795963e-06
3.800188502388714070e-06
-1.014951274424017581e-05
6.707590329525079874e-06
-1.048618389091991450e-05
1.871777812309549546e-05
-1.035547631802463941e-05
1.630661637995501026e-05
-1.728140046950558565e-05
2.481529836785066665e-06
-1.030222290425738651e-05
1.917610595396466801e-05
-9.371546757185388480e-06
1.840842724229845560e-06
-9.890855703086390125e-06
6.463929973203311042e-06
1.825871322719223837e-06
2.837024737854419452e-06
-2.036675428337866761e-06
8.186972933295810686e-06
-1.523749993623903523e-05
5.262954029108006281e-06
-1.327724745805913191e-05
1.517395095042769156e-05
-1.492586885847461628e-06
-2.925402156359704151e-06
9.926178248066947591e-06
-8.690376311025438079e-06
8.338801961602228903e-06
-1.816882580037766065e-05
1.012091892396914723e-05
-4.774877802275336066e-06
3.176337821493994124e-06
5.820508186179864326e-06
9.777528518784641654e-07
-2.496030142913109752e-06
-3.271669701964091677e-06
-4.175576891459973212e-06
1.101276812645789546e-05
-5.620350322810173046e-06
-4.730905002898244590e-06
-1.121947470802449540e-05
1.579255480241043781e-05
1.336529047285168900e-05
9.138100545797625920e-07
-1.125524897920408851e-05
9.275635337351280168e-07
-7.540298893037013377e-06
7.778883366235918348e-07
3.357919288595908165e-06
1.490448668535252756e-05
-1.482619006230519209e-05
-5.188498247382378260e-06
-8.351278255430932655e-07
5.335739142450563411e-06
-2.380506295255933526e-06
-9.995459302162301062e-06
1.187724542362352350e-05
-7.995310758026750764e-06
2.402519892075218248e-05
-1.475365531298865641e-05
9.186567706445207944e-06
-9.400412906010948582e-06
-1.507780202606432561e-07
-5.884175934970095479e-06
1.528926263809839863e-05
-6.733840217860700987e-06
4.792433842310018930e-06
-1.830156372169131890e-05
1.070279180554272118e-05
3.722805916191940237e-07
1.678955130271501175e-05
-1.644931121687594411e-05
-3.915448720287883146e-06
-9.328385172519502582e-06
1.187978363644883481e-05
3.697893192723968873e-06
-9.119803228352357845e-07
-1.006006500214387906e-06
-1.013736692848947706e-06
-2.128202635282562291e-06
2.275400959384667775e-06
2.304895825958025758e-06
3.327934722103864343e-06
-3.878355655733102539e-06
-2.246566209035636732e-06
-6.826784693417328758e-07
2.251346952183635056e-06
4.055154672538959916e-06
1.107318271058503156e-06
-4.899478539578086887e-06
-4.128189560064354977e-06
-1.182461109726702138e-06
2.855605321002524958e-06
3.279647386832187487e-07
-3.525684903255275349e-07
9.992185539894132188e-07
-4.197043765193289583e-06
2.911897077191649999e-06
-6.572138716332111859e-07
8.221017517393705630e-06
-7.615008182691575478e-06
2.501238072385684505e-06
-1.026464348895316463e-05
5.155184120306319505e-06
1.540041784369628692e-06
7.706976171271120982e-06
-4.962582498226217480e-06
7.309565844782198979e-07
5.330695671832516201e-07
-4.990433123794588571e-06
4.144749319685393827e-06
-2.263719373449231440e-06
5.932140209360893617e-06
-4.674050969066737067e-06
-2.017482930606398800e-06
1.977120922755249272e-06
-6.423037901874189152e-07
6.749592393414243550e-06
-3.100075738030367880e-06
-1.734481269887842785e-06
-1.855483887968325902e-06
-5.647658634572466182e-06
7.931305196544979712e-06
-3.310361557001708347e-06
7.795505260952464164e-06
-5.606641184418768143e-06
3.023177900517898392e-06
-9.646463059360016771e-07
-3.485748362712149967e-06
-1.917920651891087492e-06
4.751256771231423519e-06
5.356345882591532302e-07
8.171974075359846639e-08
-5.628928672106496016e-06
3.893595230567594382e-06
-1.557441108545075175e-06
1.128832396380299294e-05
-9.033592031787402460e-06
1.893642991961334702e-08
-8.825331873835629256e-06
7.571993839032799530e-06
-1.213050517430951481e-05
1.640036765406685748e-05
-3.391484557099494018e-06
4.441585264656585082e-06
-1.181670226559903434e-05
4.904246111245003082e-06
-7.108348038456592440e-08
1.036956997308172769e-05
-9.007075101169463249e-06
4.063550914749508930e-06
-8.349431104944785012e-07
-9.219360936653860675e-07
5.679661158409869016e-06
-1.574676215798754428e-05
5.533900990376656136e-06
-9.723378856104274314e-06
1.244298700978659875e-05
-5.453089730371863718e-07
9.540665963269436383e-06
-1.412815789781610158e-05
4.243713735712360721e-06
-9.203963521705790638e-06
1.609083885996595361e-05
-7.006490535310200230e-06
2.332069832061824005e-06
-1.580919473585794298e-05
1.239631236013034329e-05
2.582916887700765002e-06
5.520361775978474303e-06
-7.900050704106016208e-06
-2.890859014450683689e-06
2.403346898026377461e-06
1.004027393791825660e-07
-1.892639856639700927e-06
4.629333449628267610e-06
-2.536507902831643900e-06
6.406532761199042715e-07
-3.917208626897146918e-06
1.937570264473872169e-06
1.276908891305777800e-06
-5.435210110763575325e-07
1.260823600427757481e-06
-5.180579706055134934e-06
2.005769339428808925e-06
-5.246372060248528938e-07
5.517308945765020929e-06
-9.006832013700696017e-07
3.249472283342263478e-07
-3.704743540744560433e-06
3.291621245781812098e-06
-4.036316561962644521e-06
6.864234018738568486e-06
-1.692621987695987418e-06
1.080781953288805159e-06
-1.017105098245890739e-05
3.192652342774018353e-06
1.686815491773549942e-06
6.221588150501844436e-06
4.093467432713412106e-06
-6.744622090800790941e-06
5.285797990623598340e-07
-7.823784049736491343e-06
4.442352276806295019e-06
-5.757819054303920544e-06
1.288288870372059902e-05
-6.119210305352846193e-06
2.492194124496138017e-06
-9.158704174872559319e-06
7.508529640574389274e-06
1.991149873356142892e-06
1.882030652093281999e-06
-5.300615645368718119e-06
-5.737101515842662447e-06
8.249788717070436535e-08
6.132035211186266616e-06
4.351001129661910194e-06
5.747891945968700292e-06
-1.054193169103384881e-05
4.392622259352815108e-06
-1.262381765959514308e-05
9.605847276238410523e-06
-6.676644179605995337e-06
7.849748025147412140e-06
-1.943259353142787660e-06
2.970414559985119595e-06
-8.971099245382776813e-06
5.034637493553829523e-06
2.086127057964239885e-06
5.008795240776809578e-06
-5.533662731396253522e-06
6.225480059244101899e-07
-1.101097692581903020e-05
9.066404613626211279e-06
-4.222685664156645101e-06
1.248431587910891886e-05
-8.917856640189972587e-06
1.467258980165740311e-05
-1.969803789618552854e-05
6.265278874275586605e-06
-9.463056377672928417e-06
1.366989618634484798e-05
-4.219086933154735034e-06
5.615377517050961023e-06
-1.032980107030482730e-05
3.316249674927315678e-06
-6.656570459472740549e-06
-3.617718945115462988e-06
1.049678998363030411e-05
-3.362397616223014478e-06
1.101190454640918865e-05
-6.055819737288139034e-06
8.186670300956381673e-06
-8.500748556336119765e-06
-9.527244424711609557e-08
-1.085174128018646968e-05
1.304946005584287296e-05
-2.170935300908239528e-06
1.245331206926620160e-05
-2.054181919012459086e-05
8.437610081225703731e-06
-8.475196315716691572e-06
2.436764362601697361e-05
-1.516673120588958237e-05
8.990047639545456205e-06
-1.484996281485036699e-05
6.897636481582769172e-06
-7.139148519888698816e-06
6.102000364287373110e-06
6.668106262548200363e-08
8.775808644732656735e-06
-7.056704473359645265e-06
2.154568739914474433e-08
-7.803115417765337685e-06
3.941346406338125234e-06
1.078922463818430991e-06
5.086866237265246438e-06
-4.260785656732195175e-06
1.088091282402669447e-06
3.191006900740655418e-06
4.436285321290861581e-07
-2.571300109761290900e-06
-4.758262211534440592e-06
2.837453787318999927e-07
3.623763455333589134e-06
4.201657018709961504e-06
-4.293997475018311306e-06
8.978005536880960027e-07
-9.293754579808924455e-06
4.792492089154971305e-06
-3.396761992531651886e-07
1.329682799235085990e-05
-6.175044709247140960e-06
-3.133021064820754254e-06
-3.313727184827079885e-06
-4.732999170598382611e-06
5.179604616900882373e-06
-5.647182722502281765e-06
9.521580538529411631e-06
7.704576116519249904e-07
8.241665609475838845e-06
-1.483845060219825871e-05
5.283947305771960736e-06
-5.633337945023833629e-06
1.495123599078584879e-05
-1.106292341905645213e-05
2.486527544690233388e-06
-1.164218241982229955e-05
8.546002131085487014e-06
4.279802892728380563e-06
5.812212486786512227e-06
-7.498790878818628800e-06
-6.332254952206617154e-06
-1.192577395226680922e-06
6.917048723392607225e-06
1.184589448132835417e-06
5.277079089099558247e-06
-6.408672127573940577e-06
3.141449208851903276e-06
-1.111858323584213202e-05
7.081330736734539320e-06
-9.960856695624329279e-07
1.559515855038339589e-05
-1.280311872750926854e-05
-7.296702553873098905e-06
-6.025093142061997760e-06
1.100247558148701043e-05
7.330623863285206598e-06
1.005393400967438520e-05
-1.576415693159594647e-05
1.669710984141088911e-06
-1.696101066429506185e-05
1.654958215747074902e-05
-1.094857284710230120e-05
2.148849646402328160e-05
-1.195385911520156170e-05
7.270406468491101283e-06
-1.144680979526181565e-05
2.921250009813047989e-06
-2.885754113626114321e-06
1.118337053084743696e-05
-6.998630115953724664e-06
7.525099390570357121e-06
-1.505368851999701954e-05
8.097305527580937333e-06
2.485698784052932796e-06
7.603922703259103179e-06
-1.179794692976639078e-05
-1.052950358307802584e-05
6.388582456051364089e-06
5.127124145962407546e-06
1.013765056938940570e-05
-1.047318235755155080e-05
-3.185006920927989505e-06
-8.155099604170159503e-06
1.709921399802548031e-05
-2.962191113829841188e-06
5.026605129183040163e-06
-2.495961018771307010e-05
1.671976226788051363e-05
-1.268283847235206050e-05
2.284708765332680327e-05
-1.055991178429837569e-05
1.233984725280974813e-05
-1.025132910317238117e-05
-2.109327220123462175e-07
-8.251754416450933396e-06
-1.539737469337280181e-07
7.230254787819801303e-06
5.101504505850785222e-06
5.118949634846483723e-06
-6.278506398681497960e-06
-2.366890672133334199e-06
-2.676424909895008840e-07
4.332671580009938097e-08
-5.065752750067800512e-06
4.329836539273272433e-06
-1.520611457122945403e-07
3.811586103481205504e-06
-1.825871473850793694e-06
-2.403065795097664200e-06
-1.977407377305888039e-06
2.368057274065667131e-06
-8.483315262876553571e-07
4.750874861860819131e-06
-5.407228953855735337e-07
3.489166130364912110e-07
-1.329763541878047893e-05
5.397821511077136761e-06
3.799344898755269857e-06
4.804158873414771588e-06
3.994746556448397174e-06
-3.195968912278592810e-06
7.117715347701599436e-06
-1.070000309523525572e-05
-4.628331589570932751e-07
-7.322840500242890469e-06
1.111883121052846945e-05
-3.481709954943640819e-06
3.122718629781613525e-06
-1.141391763922801897e-05
7.464744613721984438e-06
-9.589797254148027116e-08
7.780479623181960221e-06
-4.498524250648623826e-06
-7.637042688446893474e-06
1.044963459749280113e-06
2.906525256902733586e-06
9.260498756155597239e-06
-5.810227605315152957e-06
-3.085780634246665746e-06
-3.779195948973691774e-06
4.550011500100305912e-07
2.278699725396016329e-06
4.782259581186571459e-06
4.959199455132347335e-06
-8.807266858897014027e-06
-9.199359770949923663e-06
-7.857604574375337054e-06
1.554142012475372435e-05
1.828776656451448432e-05
-6.496369958574975960e-06
-9.884954183113766414e-06
-1.284453462094771236e-05
6.494410619347306914e-06
6.104855504436323761e-06
1.829219553532808590e-06
-3.088236371141665667e-06
5.191048370875445670e-07
5.405301245367076033e-06
-5.615776042844636479e-07
-6.534078737101869363e-06
-9.363120158209086528e-07
-1.158150380525754220e-05
1.586717773517913276e-05
-4.607982925853260726e-07
5.715032668277376867e-06
-7.057726062316496492e-06
-5.324538583786385706e-06
-1.640387378329545108e-06
7.230368331943762256e-06
-6.391329677628362164e-06
7.103431534469375553e-06
2.342639718909696975e-07
1.375540017055504801e-05
-1.298453466696807153e-05
-1.774113772628359607e-06
-1.064481269975637219e-05
7.449926033434243633e-06
5.955480081144342082e-06
7.616455827407564944e-06
-1.625241686000645036e-05
3.091341195236594076e-06
-1.727722234367472928e-06
2.293447889009664291e-05
-1.876081783976992588e-05
1.077893440354950734e-05
-2.317198301527456671e-05
1.589672081888691773e-05
-1.064063078842712368e-05
9.650241788599464614e-06
-2.029526045573147533e-06
2.493592253281383389e-06
5.917478477524675342e-06
-1.119833192135369053e-05
3.781905953987868743e-06
-1.165369126435075167e-05
1.058007128004416741e-05
-2.148999892727064407e-06
1.386530188332507028e-06
-9.384938571654912295e-07
5.269083676081835827e-06
-2.771888252082235715e-06
-1.802343350239613557e-06
-6.532920118791751429e-06
2.732518296890727114e-06
4.909144044502010418e-06
1.531743328796430066e-07
-1.381058483801432567e-06
-3.373909302821181578e-07
1.970068639103423832e-06
-1.217538278715171870e-06
-5.056621653286788084e-07
1.014868167952340120e-05
-1.512912138628236859e-06
-6.871399465225916438e-06
-2.609901288437015430e-06
-1.171099407311083783e-05
1.069392254822234219e-05
-1.104322958881995136e-05
1.771013766930572576e-05
-6.459083626927841819e-06
7.044582202072272121e-06
-1.047099952786142475e-05
5.967949303996872950e-06
-3.688649407692026664e-06
1.059334871551251557e-05
-1.007265213150755340e-05
5.933626193163389978e-07
-6.529164509338797085e-06
7.153156622137792732e-06
6.301752780519612128e-06
1.703470883675656391e-06
-7.449539534880687305e-06
-6.298842053997643581e-06
2.818164359303338977e-06
2.810430753783215241e-06
1.798974997883859071e-06
1.702140539947932323e-06
-1.427802853447602901e-06
-4.465930312385890147e-06
-5.493996096812004391e-06
7.974571006008672686e-06
8.593008683477170912e-06
7.815389645001558734e-06
-1.267541342274882074e-05
-1.229703423220826237e-05
1.665533353460351977e-06
6.382882639488018597e-06
1.305720391699212495e-05
-5.979555150833133599e-06
-6.552888128382885681e-06
-2.995003401317411271e-06
8.922623578970629140e-06
-5.511702025268997476e-06
-2.292088053237198247e-07
-7.330879679237311590e-06
7.330697996191836764e-06
3.233939812893885376e-06
2.985218390050083605e-06
-7.171907001278984049e-06
-2.680571975584832090e-06
4.503010062811814369e-06
4.952941851485260865e-07
8.722026660327502143e-06
-1.714765489840171367e-05
7.904577737481083071e-06
4.440706666155517725e-07
1.185583472168205815e-05
-1.265512634356018834e-05
-1.318540760087954508e-05
1.376431415337775093e-05
-2.622031505385210984e-07
1.769777371055654037e-05
-1.580415175625239733e-05
-1.688062108525531600e-06
-2.392661783118333664e-05
3.446941462989139998e-05
-8.405472178385930987e-06
7.728694434676659192e-06
-2.984540649422001490e-05
1.966062852700534234e-05
-1.566500955880385893e-05
3.342275124205536582e-05
-1.960777041666480054e-05
8.861109247268046901e-06
-1.357837890181083743e-05
3.954141292001185255e-06
2.236913021458769387e-06
-8.491476559483407763e-06
1.064122729641198644e-05
-1.008360909857491353e-05
1.267717097272461264e-05
-6.702840668579110649e-06
4.703277085019178652e-06
-1.036957382828242549e-07
-3.519938065751675117e-07
-9.208463997534036233e-06
8.266550052725135853e-06
1.486293303512223502e-06
9.769152821974034798e-06
-3.914394451529358793e-06
-9.994059773447619890e-06
1.029080344044899395e-05
-1.281749374652831358e-05
7.473328140098355872e-06
-1.207541494213680496e-05
6.477776688402620360e-06
1.116973209328956861e-06
-8.608759319218343051e-06
5.889676983342310323e-06
4.611491851253172219e-06
2.204129067136763933e-06
5.066809016727879145e-06
-6.723759255929964257e-06
1.341857047338812541e-05
-1.271430496576421396e-05
-1.798335474779478617e-07
-7.274365586540725999e-06
1.014950668092535943e-05
-6.882660360185790290e-06
3.652849051110999586e-06
-1.334065796361568887e-05
1.248316605522842485e-05
-5.051879445586922413e-06
1.085229876800455876e-05
-2.292841079403916058e-06
-5.326750177142329040e-07
-1.127488228425743697e-05
9.425093647802771361e-06
9.720447489952646874e-06
-6.376166297569856311e-07
-7.578449128118269155e-06
-1.216736072918526889e-05
1.527584963293632798e-05
-5.908894809224768234e-06
1.328852055002493847e-05
-7.409224622582988101e-06
-3.674669522949185890e-06
-6.625390731770733558e-06
-9.987819578266687458e-06
1.461131753244666572e-05
5.911987250331962818e-06
-9.306023552274793814e-09
3.599967910733317190e-07
-1.273880813198732772e-05
8.945302085039854147e-06
-3.964243195347098197e-08
-3.418096514478377311e-06
-6.015830283814499170e-06
1.132240064959366880e-05
-5.826612228191929337e-06
1.397419255666045834e-05
-1.189603676573274064e-05
5.282289235771564255e-06
-1.159112832173921370e-05
9.177966091773349521e-06
3.378179885101444787e-06
-1.077370067325336881e-06
-5.790150228361298022e-06
-1.179626637820276681e-05
1.253789878892002273e-05
-1.524611811520245462e-06
2.875562306283917294e-06
9.611766674499887558e-07
-2.334552004819724625e-06
1.016329601525042212e-05
-1.946056805817540574e-05
8.634231510491653937e-06
-1.898567842140066664e-05
9.458599761018455829e-06
8.936066288245340109e-06
2.832616792191498272e-05
-2.512285492030645780e-05
-2.489748062917904327e-06
-9.252696575860407081e-06
2.074535067565970605e-05
-1.143789620868267723e-05
1.358592255807567869e-05
-2.050650713519856425e-05
9.881723022293907360e-06
-8.392170775851620754e-06
6.551525481567444604e-06
6.457569377098972409e-08
-1.843796298238487153e-06
3.091255396840362493e-06
-7.579596980525231452e-07
1.258023541911075475e-05
-3.417527811616350807e-06
-9.510043044911760108e-06
-6.358346356450575562e-06
-8.288973372011282622e-06
1.246400407787390917e-05
9.538994768570599654e-06
1.407670509141407225e-07
-1.155086844917618711e-05
-1.042049591312052380e-05
3.231649910500990872e-06
1.186175278853537557e-05
-6.495301537330374459e-06
1.076052946312296926e-05
-7.869591057179674393e-06
8.401496280995690620e-06
-6.231197811458258747e-06
8.559587594842808648e-07
1.080026087109847753e-05
-8.425486402005723892e-06
-3.733814658222858773e-06
-4.954389758012834943e-06
1.939903566268655417e-06
4.450299058031542823e-06
-1.170623609334031518e-05
3.841936846002507692e-06
4.431956194461221510e-06
6.194400582288054022e-06
-3.997093835432599210e-06
1.412299514623439699e-08
-6.852508109912963151e-07
8.134872321880260885e-06
-8.626170048252773556e-06
-2.610674961018337800e-06
-5.774240484201715414e-06
5.619468694894547565e-06
6.110422351517744075e-06
5.737362481868813624e-06
-9.687726623198363390e-06
-4.300822565618823618e-06
-4.430008028875675202e-06
8.976157846522360458e-06
2.508281343951547455e-06
-2.755535437574073014e-06
1.654285121922289398e-06
-7.285793620361704162e-06
2.812999677675274567e-06
5.525237830007734535e-06
-8.421785210384972998e-07
1.438318875861929107e-05
-1.843157730166172288e-05
1.779557726725296569e-07
-7.286097972444900936e-06
6.026479160059200429e-06
1.032100849135542894e-05
2.753905130180394920e-06
-7.249656947105543711e-06
3.402848447909642167e-06
-9.122327797188791603e-06
6.843957525831826174e-07
6.808737468725540994e-06
-7.247438650123348827e-06
3.202952296185004107e-06
-1.079880817642790735e-05
4.980024911354601888e-06
5.330014815310219739e-06
3.256375772436737449e-06
5.692282148670244199e-06
-6.617666415585205756e-06
1.372273867721408031e-05
-2.401969144513523639e-05
1.076779248437659752e-05
-9.715402698724643062e-06
2.695264068720081116e-05
-1.785936169822130369e-05
-7.555962866853455076e-06
4.466454409504803295e-06
2.066559728194874610e-06
1.202774825402920736e-05
-1.744985901720014657e-06
-9.652664558032954137e-06
-1.871589494692415097e-05
6.649251215134336646e-06
9.778962380601927237e-06
1.529471222940738861e-05
-1.911128107669650826e-05
6.360521084981054057e-06
-1.958473437623415808e-05
2.116640695045038555e-05
-5.122016713887092738e-06
1.460571691164060405e-05
-1.180633374072509063e-05
-1.877547775127888849e-06
4.752932727593199702e-06
-5.628842407520132009e-06
7.165868330776805836e-07
-1.545568232676949443e-05
4.693676196954196271e-06
1.157543015857283619e-05
1.062070962142138097e-05
5.152776136105268269e-06
-1.470430752452627571e-05
-1.065534635406818328e-05
-3.718699602085062972e-06
1.468829316161878945e-05
1.019932310900336588e-05
-6.572037574571794739e-07
-9.821536779527429220e-06
-3.144358932824603108e-06
-2.937083107467870541e-06
5.653380925080876503e-06
5.119054871350122045e-08
1.565231280819807434e-06
-1.533151061448425408e-06
-1.417156770426563518e-06
-6.872323601644858675e-06
6.982152536429527467e-06
-2.963418087055820680e-06
1.509695856776023811e-05
-1.009326861329833682e-05
7.391674343564664871e-06
-6.926332143805986891e-06
-1.368583097585668545e-06
-5.007217950192352919e-06
4.161444066237392900e-06
2.701614722131687722e-06
1.589957650302582327e-06
-8.099534814747572214e-06
3.760704024272556182e-06
7.874773681784080721e-06
2.408962149579875321e-06
-6.185631158706638361e-06
-1.562015409406183054e-05
5.995199475031215392e-06
5.925505066574861582e-06
1.225240807178681817e-05
-4.773010423127557327e-06
-7.189726769599005579e-06
-1.167283399002747534e-05
5.157318321876675307e-06
4.998864832436521839e-06
1.648786759081488434e-05
-1.056734914928010778e-05
-2.771384579006489456e-06
-1.308865634946958711e-05
2.789654638507996719e-07
9.037111480284681399e-06
7.996668282707112375e-06
-9.894627964636765806e-07
-2.223934604167564883e-06
-1.132789863523024454e-05
3.357476207097478905e-06
3.556448378061719372e-06
1.546468452342865225e-06
1.043237717005969151e-05
-6.596325549310873043e-06
-9.143002049333703540e-07
-2.459221970716315402e-06
2.456336110418012885e-06
4.742936551209599223e-06
-7.243665517622770759e-06
3.046693510356574137e-06
2.194896524208146102e-06
-8.110986695237605077e-06
3.069948918506736432e-06
-1.490256041167290575e-05
2.166212204152588919e-05
-5.420479420234496323e-06
4.253472021242372611e-06
-8.640957571080871611e-06
3.678967266658741232e-06
4.934212165154715751e-06
3.855848019562404692e-07
-4.661569965066559608e-06
-1.364800987968322140e-05
8.609861858093737597e-06
3.888124104864073843e-06
2.169822094769574853e-05
-1.480131743942428760e-05
-4.968050849477122466e-06
-1.668665012970183592e-05
1.713566811975458033e-05
-2.319477476273118592e-06
1.657625902049675095e-05
-1.645275468589525971e-05
1.538248444140087305e-06
-1.371519247639524825e-05
1.095211356300148898e-05
1.788111441660295403e-06
-1.048428756612862760e-07
2.963426241469856035e-06
-8.448919780885560959e-07
1.150471208499393000e-05
-4.239089322304518309e-06
-4.992735613507260907e-06
-6.828381334553052347e-06
-5.296088306090228207e-06
7.694149911335337010e-06
8.229828123725347363e-06
4.125242908968447623e-06
-8.428324842102340595e-06
-1.260106020847885992e-05
6.205669841744155621e-06
2.446450545619053035e-06
7.091182586297607684e-06
-8.219301744135571640e-06
1.264909371849561086e-06
-1.727545972369062718e-06
7.848557193564691196e-06
-6.063844967097763305e-06
2.610131698046252451e-06
2.630346715864931799e-07
-7.697309793754027280e-07
-3.999097378607800331e-06
-5.866277254002197973e-06
6.521509334726912163e-06
-2.662616993029104740e-06
6.574265997841014882e-06
-1.743347193981761888e-06
3.364163332363461295e-06
-8.892340699335409706e-06
4.586639415924623485e-06
-2.908013043738706677e-06
1.643565795930514330e-05
-1.120375771875296012e-05
-6.861866567380543801e-06
-1.001436423006619673e-05
1.433984810347748265e-05
1.158220235871846787e-05
4.691140044800869505e-06
-1.551394107125687654e-05
-5.560844211558794146e-06
-2.571177258324825626e-06
1.087435044369082179e-05
2.739216645271060806e-06
1.592837217596079985e-06
-6.072369772907855543e-06
-9.209782624161968762e-06
5.222301221862867427e-06
4.276953120531390429e-06
6.435375892117591512e-06
3.093076676041349362e-06
-1.095140919097763480e-05
4.430604299773358034e-06
-9.861360013741006275e-06
6.579596718937682229e-06
-2.309551281091164958e-06
2.476137812054639813e-06
-2.019868916107653897e-06
6.686972501242028418e-06
-9.388247887814810041e-06
1.725094953458369780e-06
-1.088419480377586249e-05
5.088923678855223986e-06
2.401799681598515632e-06
1.015129512979034709e-05
-3.441911162840757777e-06
-2.888920599663134749e-06
-1.914418581863176760e-05
2.141259930447541481e-05
-2.682076132786075735e-07
3.749163316982693692e-05
-4.811400846514710182e-05
1.017592421914490376e-05
-2.395417869236557298e-05
3.654265431050537081e-05
-1.199755479572399690e-05
1.380340340414096991e-06
-4.620906941262941650e-06
2.406822587955152748e-06
5.824437877249745709e-06
-3.781528516425109555e-06
-1.896284331761920507e-06
-1.324243944083271763e-05
6.953816490022547719e-06
4.778936177015033504e-06
7.195130829203812080e-06
-6.999854610346256041e-07
-3.709152020172383076e-06
-1.158160039811556257e-05
8.989345034546715029e-06
1.480643015210350184e-06
1.157798099852877624e-05
-8.319482123237252426e-06
-9.200132948136994764e-07
-9.953599218705563411e-07
-4.481207266268001508e-06
1.181807654148893442e-06
-6.497414640464482794e-06
-5.835992261984879398e-07
3.509525861818553716e-06
-1.064308927054359191e-06
1.687766249752796496e-05
-1.095931807084430545e-05
-5.883053759364275967e-06
-1.019957021819884088e-05
1.570293512470078760e-05
9.581068163126424191e-06
5.794403306541968823e-07
-1.044489869383850075e-05
-6.030672955624727418e-06
7.804636825452135026e-06
1.666588468284814985e-06
4.619838867539984213e-07
-7.397111996367716248e-06
3.902677756785994181e-06
7.198046401300739496e-07
-7.806283664271140483e-06
6.452508685211486876e-06
6.536211467068390687e-07
1.357056064973461390e-05
-1.399604856519304157e-05
-4.795007700741305682e-06
1.967785239154904917e-06
3.308184847533543222e-06
7.839828044955535720e-06
-7.175157091869042064e-06
-3.538980622265432308e-06
-1.383887698739976930e-06
-9.880058361815458637e-06
1.649785294521263993e-05
5.722043764566925458e-06
9.590111859617022651e-06
-1.940117022606258816e-05
-7.816401512763393325e-07
-1.505947454330683691e-05
1.870458964561480791e-05
-2.089153688221613439e-06
1.169691855226509774e-05
-1.374853014609223219e-05
1.787814420950765114e-06
-1.064759856895885169e-05
1.156106856546785817e-05
5.551100496098328868e-06
-3.414405835297854019e-07
-5.765135762049087252e-06
-3.013876290276838558e-06
-2.350964171606137378e-06
5.787281239153104460e-06
-4.678963287716369568e-06
1.130472941492259901e-05
-4.076468661362206945e-06
9.654229224208434436e-06
-1.695938342504597706e-05
4.703033899567098672e-06
-1.649832742758118291e-05
2.815736927517762409e-05
-7.660998733171025653e-06
1.999762313149729381e-05
-1.514667633602773259e-05
-6.939264588864932945e-06
-2.063934223308057581e-05
7.559214222590140248e-06
1.076834052609101764e-05
2.938766680109546403e-05
-1.886992034711280252e-05
-5.120849874645605579e-06
-3.618272556882549419e-05
1.778564537867733888e-05
9.469096949918586424e-06
1.867109595204403765e-05
-5.689529603830739669e-06
-9.986942272389118540e-06
-1.963747589216282327e-06
1.590480868355757978e-07
2.974307298585180813e-06
-8.812873829683196209e-06
6.555465902038388738e-06
2.975666955368313889e-06
1.821848964594540625e-05
-1.545359137186311290e-05
-2.009739529142486328e-06
-7.781449049246860227e-06
2.597399327854061308e-06
3.042891551044968629e-06
1.353549841073040010e-05
-9.523790587870932864e-06
-5.140066441182237288e-06
-1.739269081318896962e-05
1.691767891781470880e-05
2.614620891554130647e-06
6.670343832389335388e-06
-4.822564039488359274e-06
-1.963373258275946285e-06
-4.473380895150072284e-06
8.719872688344498641e-06
-2.970499399260460746e-06
7.619624129529203775e-06
-1.728233113353277257e-05
8.405115029799970519e-06
-3.298846585348475683e-06
1.058815950239164046e-05
-9.079539177969015199e-06
-8.381791356721105760e-07
-2.971720618997155881e-06
5.201242139978925225e-06
4.745268227552131817e-06
-9.095451709627124182e-06
2.738571392139708673e-06
-2.732544625958945565e-06
1.264621123491342173e-05
-7.987950943873797530e-06
-7.961521177424944550e-06
8.048319316257627467e-06
2.468858971280198200e-06
1.397853716806134828e-05
-1.861515738440983994e-05
-6.048459069382490700e-08
5.767317171537253899e-06
-4.903967424563476351e-06
1.021557599669005808e-06
-1.530651732935768886e-05
1.433280615323116461e-05
6.053380288067916794e-06
5.437253374841398560e-06
-2.327945321901466413e-06
-1.175935995514545855e-05
-4.430435431195725024e-06
7.549675191250381466e-07
7.972927146959084754e-06
4.014283236858574204e-07
2.090962205706559292e-06
-2.512610862304173027e-06
1.590374435952312962e-06
-2.602274506586501820e-06
2.679354465079364887e-07
2.867090907865800856e-07
3.325833997005258344e-06
-1.234643711520578679e-06
-2.439735987743428015e-06
7.956026398627034750e-07
-3.747925485280605238e-06
1.549461336906144500e-06
-7.563472180469889804e-07
4.664784022032010709e-06
-1.825307279089302638e-06
-7.627840701499830111e-07
-3.490496155605352004e-06
-2.829850255290344548e-06
-2.169133084290123461e-06
1.165931644930794493e-05
7.301569968292901462e-06
1.621622876697639882e-06
-1.368982215061857787e-05
-7.896303194570057030e-06
-3.341579935073058356e-06
1.301312590645638530e-05
9.593157369595202164e-06
1.090166495430584399e-06
-1.020999402023985812e-05
-1.630212963254124736e-05
5.596694740258434099e-06
8.304149941432720797e-06
3.242448228119463520e-05
-3.013387451149697455e-05
3.055919390598043451e-06
-2.013540665784422870e-05
7.661451226408156522e-06
8.261540884826833842e-06
-4.045111976193169950e-07
1.472101864713214111e-05
-1.335290456145599554e-05
2.105028942642515422e-04
