8.864782180454864707e-06
-1.550803227803539580e-05
9.374995350393314130e-06
4.582924753193719077e-06
7.609474742525279662e-06
-1.331081389257899836e-05
-1.265165578676686790e-05
1.085014437959085952e-05
2.247771960441174390e-06
7.539109658833890853e-06
-2.255125931540559441e-06
-6.865425560654990165e-06
-3.467566492663176029e-06
-1.762172249982479724e-06
8.058180545074685683e-06
-1.615306833296205016e-06
7.147354235974738904e-06
-9.463909798999301838e-06
-6.514753469320383811e-06
2.738241189562959391e-06
6.759227278698275825e-06
1.519130978201621374e-05
-1.700015117436103721e-05
6.383920238955358213e-07
-6.100259489814778533e-06
8.484097890325089953e-06
-2.593677064142337176e-06
-3.505812182203523275e-06
2.728902278107017785e-07
6.354450938554078564e-06
2.499949258468445798e-06
5.568610499099132928e-06
-9.930988855929848410e-06
-1.847469507882806666e-06
-9.676015152704181788e-06
9.668805529300912387e-06
-4.350451903174907026e-06
1.061492660467944171e-05
-2.009629730730252782e-06
6.770728434820873867e-06
-1.438110294784492388e-05
5.129042735661627656e-06
1.783791084223162717e-06
2.492131682768057901e-06
-6.222290178437734204e-07
-5.334943499061866313e-06
5.828283712177261927e-06
-3.412539400390882548e-06
6.526137312331781014e-06
-8.515196537794086454e-06
1.769855635547754067e-06
-1.123724616757111708e-05
1.527565426997475127e-05
-5.440730732275092952e-07
9.151152362009028877e-06
-1.105546584207532816e-05
-1.835375732357492681e-06
-9.160206397262953966e-06
1.441583622094520046e-05
-3.042209323843551120e-06
1.320235087413014312e-06
-5.209960348178574701e-06
2.998807038174163843e-06
3.212066773299839270e-06
1.124928270692105830e-06
-5.652730138403807663e-06
-3.509410003014793206e-06
-7.408540250323849057e-06
1.353077861904813662e-05
1.616160855606747348e-06
5.175990032379668462e-06
-1.057183444867931255e-05
-2.062330644946868828e-06
6.019078963587645756e-07
4.292591216269299405e-06
-8.421953007705268749e-07
9.599605986142896014e-07
-1.171075534200033687e-06
-1.170801271867684385e-06
9.819792176206341441e-08
3.078469166657819765e-06
1.380382184227500461e-06
3.769795253247582999e-06
-5.161723733286869382e-06
1.089701040452640521e-06
-6.281517740850487462e-06
4.322904373920370990e-06
3.122917953933618879e-07
-7.261435022658833912e-07
1.385729376612539467e-06
-1.154101755386953666e-06
1.001867347182409308e-06
6.780875686849855105e-07
-2.939203648214946316e-06
3.009256302521122006e-06
-8.748520207907127712e-08
-1.252548651887026133e-05
2.486178843479147171e-05
-1.731637979419146936e-05
-1.895236529235931974e-05
-8.086031119307516239e-06
2.926724713503610511e-05
2.269084111004711189e-05
-1.891307266334830658e-05
-4.485329513414447163e-06
-3.051703616319583677e-05
1.302823362004478902e-05
1.816087169947628238e-05
3.007116745472044648e-05
-1.478918419531698191e-05
-1.874553836411584803e-05
-6.520532076843526624e-06
-6.437005330058754454e-06
1.602240482919955816e-05
1.398407626828756045e-05
8.393889492026733850e-07
-1.710972419765185057e-05
-1.759148983538604683e-05
1.663856891291442725e-05
-3.192997733272160050e-08
7.054870630422096394e-06
-7.121099921671141816e-06
2.947413231379789425e-06
8.666697914989026394e-06
-7.726678530724686564e-06
-4.213716041872835318e-06
-7.539653265213590559e-07
-3.870376405491745078e-06
7.032291610816189352e-06
-8.193697590279779160e-06
1.973773542617577237e-05
-1.304285727567806280e-05
1.269529700037566456e-05
-1.576729938022523758e-05
2.283165889051237704e-06
-4.416127702302714184e-06
4.833636508859620342e-06
-1.546854439140192390e-06
-3.428705447520112802e-06
6.460877324542137253e-06
-3.117321604108520815e-06
5.584510312070954034e-06
-6.803979244947408979e-06
-5.340417076900752882e-07
-3.415118863220912177e-06
5.941026937710345700e-06
7.836090552663807713e-07
1.524857568052383384e-05
-1.936869368172369394e-05
1.114706058333581322e-07
-2.154427035282019783e-05
2.197817359275000261e-05
1.516065775354071441e-06
2.090701759524740084e-05
-2.367228499525906102e-05
3.021885143121078939e-06
-8.234514184977591528e-06
1.089829685957104341e-05
-1.799038955318353961e-06
-7.205920159514423308e-06
7.323308768305876600e-06
8.469678568592056293e-07
1.817526473221227476e-05
-8.476104937050243088e-06
-1.302152969681320405e-05
-9.660840330202755417e-06
3.777059570286934843e-06
8.650981121222415892e-06
6.479121389725730332e-07
-2.367233102922494244e-06
-1.731395886987994223e-06
5.646099632747100393e-07
1.056171095610129367e-05
-8.272356094983742330e-06
9.182336836210668480e-06
-1.761239383632944776e-05
6.336708238520029376e-06
-6.900603178591441534e-07
-2.005834227638293208e-06
1.294344225503840881e-06
-1.451143905504396990e-07
8.365071295254631147e-06
-6.725253006817397598e-06
2.120282936649034536e-06
3.656387636295886278e-07
-2.540773198927965106e-06
3.616157475217186238e-06
-1.305038580826337367e-06
-3.271672724457596105e-06
2.233719171489998055e-07
-4.923470101962604899e-06
5.021381885507344086e-06
1.444892221537471686e-05
-2.028645641643654125e-05
8.300932276247482899e-06
9.612847041295023655e-06
4.756857851607607047e-06
-1.483966964214407287e-05
-1.569335096580453504e-05
1.104054448990945284e-05
1.202524588682653674e-06
2.566034249547988511e-05
-9.226852241853110821e-06
-1.492324853679116985e-05
-2.022448312932777483e-05
7.827320645849130873e-07
2.080641103393559370e-05
4.944035067050106080e-08
1.894248528765521387e-05
-1.762913787276030404e-05
-1.619918594572273933e-05
-5.522268478204295718e-06
2.238446639074688908e-05
1.911701072584612147e-05
-1.334348258685013770e-06
-1.479723929678771163e-05
-1.041066513218967212e-05
4.875998169188737591e-06
1.658725253547435610e-06
-1.117096868899978876e-05
1.185653809027456383e-05
2.958393373702219870e-06
6.195897531332290057e-06
-1.130208630745738440e-05
2.759100263814713748e-06
3.952050853952830908e-06
-9.881427419967633071e-06
7.664776313689255929e-06
-9.351990484489586939e-06
6.970689412346727163e-06
2.025931862926709222e-06
2.038246872893357192e-06
3.259199449097794270e-06
-4.365523655377508087e-06
2.378820981500387864e-06
-1.465288117537840004e-05
1.113802408431635626e-05
-3.858326795841577924e-06
1.217563014091439791e-05
-5.675803408323550932e-06
-8.419887649329475528e-06
-3.603307381460270364e-06
8.056468330057178073e-06
-2.278367144746782683e-06
1.351478896255364377e-05
-6.473359469226688011e-06
1.794155290237268595e-05
-1.699497798671438875e-05
-4.763191124084520308e-06
-1.858008206839840105e-05
1.534505618344437448e-05
3.829434736802722887e-06
1.403601689515577014e-05
-1.149527394705011589e-05
-2.259220246857477574e-06
-6.800517515996169670e-06
4.499042380374970933e-06
-1.502884543887100978e-06
-2.631362999089503482e-06
-1.103336356224901907e-08
1.143795666853344309e-05
-3.366501820265915949e-06
-3.937663663482911711e-06
2.053347394805647840e-06
8.253859430642358742e-06
7.944326979794108675e-06
-1.244820825358315070e-05
2.099026491393549506e-06
-2.262960427975600411e-05
1.756478954191872160e-05
-1.429161034379355259e-05
2.716033061204076293e-05
-1.368485253562507254e-05
5.727671035561733071e-08
-6.788802871434455958e-06
1.204433092950258689e-05
-1.357305106397481438e-06
-6.158301374222928149e-06
5.136351535573297861e-06
-1.030860603852482834e-05
5.672578447576275446e-06
3.747170908576980442e-06
-1.314728546518027699e-05
3.467981836435127865e-06
9.749089994277561143e-06
1.667556443934058212e-05
2.422133896052787300e-06
-1.829415697810031296e-05
-1.415968382901700316e-05
1.397004127935035527e-05
-7.767466139901545288e-07
-1.555643837905632031e-05
1.056372213625080731e-06
1.271576608814777940e-05
2.491003739768340351e-05
-2.659820570116590069e-06
-1.696338446319742998e-05
-2.319968823094422560e-05
3.247165080356527575e-06
1.645901614885712959e-05
1.759212664437991648e-05
-3.419740533130111060e-06
-1.201665659446545007e-05
-1.343785786771951581e-06
-7.316865202120770769e-06
5.017406316279820786e-06
1.385467054782550358e-05
2.761750143222396607e-06
-1.456484698195623660e-05
-9.742046056187356336e-06
-1.712430520263843808e-05
2.200127064980455117e-05
6.816568317289743119e-06
-3.540792585828730409e-06
4.493410802913264198e-07
1.667650027228864982e-05
-1.240166635537377978e-05
-8.264601128286334721e-06
-1.709928050538040147e-05
2.092706928846091246e-05
-2.214048534494212787e-06
5.573475414135968319e-06
7.458808483349904249e-07
-5.688023040023048763e-06
-1.653733030253653021e-06
-6.849063384638907152e-06
4.610388571477082927e-06
5.250131780326153862e-06
1.071432601874518253e-05
-1.072372187717975900e-05
-6.812754836829507288e-06
1.464960619558789256e-05
-1.139146459651099212e-05
3.983016315158885402e-06
-1.287465897303715922e-05
1.126456434101423167e-05
1.913912448944316897e-05
-6.804574958008328917e-06
-1.091269323300106986e-05
-9.886565748792992432e-06
-5.923944351703811316e-06
1.231988086848208715e-05
-1.227910047340312184e-05
1.120090995907510557e-05
5.536631747448789956e-06
1.793616527685418967e-05
-1.837187091004995287e-05
-2.459533067359809971e-06
-2.711910703078640697e-05
2.506323796052404115e-05
3.572004178552857953e-06
2.341584437584890918e-05
-2.796993885994785030e-05
5.493784654800541266e-06
-9.764775273674791833e-06
1.418658847437122675e-05
-1.193469798329117630e-05
8.695214995825085118e-06
2.496589903757930014e-06
-6.672015632455578982e-06
-1.512876067366433796e-05
-7.807799720422554097e-06
1.957427486487153784e-05
-3.467224138936525918e-06
2.126340241709736239e-05
-1.484921230551080588e-05
1.088543063474110465e-05
-1.576149467299409559e-05
5.669539021123065926e-06
7.146776339984266423e-06
-4.842492470337661015e-07
-1.040715842531828822e-05
-7.227475565644581091e-06
1.733496537588183109e-05
-8.104682994613541988e-06
2.444905711041635724e-05
-1.884554897958416996e-05
-6.263318844883700143e-06
9.152560035257131484e-06
-2.583144385540499618e-06
-2.287337532285477513e-06
-1.557118999400797059e-05
-3.382489040449353798e-06
1.394230002644485852e-05
1.342906216892278721e-05
-1.551873614222423439e-05
1.847173854403385988e-06
6.369488700532947040e-06
3.783636661309825146e-06
-9.288400274650211944e-06
-2.106009935891542807e-05
1.982884558499772516e-06
1.640309066395753457e-05
2.415583159133365132e-05
-6.355655686027562833e-06
-1.433536127312030369e-05
-1.680418022538214117e-05
9.834563920957716673e-06
3.042938013773716159e-06
1.312670747601861826e-06
2.531264622192388718e-06
3.202544591011833805e-07
-1.232873298494040945e-05
6.758400244282162761e-06
1.912670139194315832e-06
5.775054701112706085e-06
5.943204674535492458e-06
-6.388909759980786516e-06
-4.314721090467467759e-06
9.935746892022478418e-06
-9.747771622378412660e-06
-1.856103057186536939e-05
1.177941698642618953e-05
1.098315179919139588e-05
2.125204764850291991e-05
-2.206069132618215491e-05
8.402360010038163708e-07
-8.785530093079660691e-06
1.018845081902601529e-06
6.366312265403232000e-06
2.350601621542304211e-06
6.968293933268480397e-06
-6.637541333005007117e-06
-2.932281616170335449e-06
-1.527740464443796172e-05
1.531300208042052612e-05
1.053370565690763119e-05
-1.559735001158263075e-05
6.380204863747979943e-06
-3.125965503481917408e-06
6.616582021233809256e-06
-4.367455238924120302e-06
-2.002951689487578963e-05
1.426698334183050603e-05
3.494124889326031561e-06
9.160297120471840468e-06
6.498258128864845039e-07
-8.991715136985087124e-06
1.091134705244789074e-05
-1.034541668483707612e-05
-1.979930832706304692e-06
-4.954902263199502559e-06
1.198285539215371366e-05
-4.406565609745606209e-06
1.294540925317433396e-05
-1.081581457904684802e-05
-4.650600976346519630e-06
-1.311111182274240959e-05
2.059434997759930613e-05
-5.641606265705534904e-06
4.145651653194997813e-06
-6.425215141330806694e-06
8.528998038783677289e-06
-1.495826590558268443e-06
-6.655280156525739856e-06
7.205000439546851301e-06
1.213882682500352868e-05
1.929099371411870521e-05
-3.186361059740418417e-05
5.613666732007076277e-06
-3.055654259357850342e-05
2.289314416996840923e-05
-1.479372815449977546e-05
1.776960888855425022e-05
-4.172190388469317151e-06
-9.479360571384082480e-07
-8.895190467466919520e-06
1.229290369881495680e-05
1.037948149306559592e-05
-9.619130723191427439e-06
-2.618622253975574378e-06
-2.645474022678613485e-05
6.516461111605843128e-06
2.102196216202543156e-05
2.697005280792125160e-06
2.074773640393819447e-05
-2.516969844195730767e-05
6.033414034946594465e-06
-1.502687825962141564e-06
1.315456092215506265e-06
-1.340607731972593927e-05
1.465005745619261907e-05
-1.232868222917765291e-06
3.741615841437264735e-06
-1.003887190139959813e-05
6.023746770215865142e-06
7.529008587123445901e-06
8.720458296866146354e-08
-6.614836100276437513e-06
-7.670638019959331560e-06
-6.848367416295216296e-07
7.539041327706021270e-06
6.862965729514706204e-06
-8.852416101716909210e-06
5.087378563886995161e-06
7.140186712002103525e-07
-2.303956920084304226e-06
-2.598002154070200743e-06
7.040982375945727665e-06
-4.881504597017952257e-06
2.309910417515836811e-06
-2.108557649443295141e-06
-4.951476233745167513e-06
3.646565878587501680e-06
-4.744398266321874435e-07
4.337105304888745424e-07
2.184740724547921837e-06
1.807725299639194319e-05
-1.974256511523332059e-05
-2.653952283430183617e-06
-1.895054162388797172e-05
2.145667366593198059e-05
-4.098156687786879318e-07
1.159660476214089734e-05
-4.656346228343525412e-06
-8.714483878960906703e-06
-6.855597124269290622e-06
2.938873092914824538e-06
2.199516416424036671e-06
-3.832073441637496290e-07
1.049680082042553245e-05
-7.640426627226301653e-06
-1.926777870116062468e-06
5.001389081323117422e-06
-3.407086808422135346e-06
6.150583881841519086e-06
-6.812717255044596737e-06
7.016742072483235078e-07
-7.819411716062278715e-07
9.252716002085177390e-06
-7.336747816823422130e-06
2.470275177049971916e-06
-1.080032304030575126e-05
9.926048070025851036e-06
-1.592173098838454420e-05
1.247820285171524615e-05
4.187675751330437261e-06
5.979844402016267093e-06
-1.241442178967986024e-05
5.337290409162583697e-06
3.784222646830617346e-06
3.371242728135280479e-06
-6.884155986921769511e-06
-1.530035247503734965e-06
-1.444379279964430866e-05
2.020625050328384297e-05
-1.568218786881335704e-07
1.373958998981752457e-05
-2.677413408298694308e-05
-7.580181150390778109e-07
-1.062225421389811894e-05
1.590117807607462021e-05
-4.600408762669295208e-06
-3.416948008950386142e-06
8.146481371534002741e-06
-1.138890371069020102e-05
2.263699015887603148e-05
-9.678990909112048852e-06
2.053498757875181919e-05
-2.549926473055955052e-05
5.856873960349856979e-06
-3.948804703447552737e-06
2.449381635768254503e-05
-2.139044466552286489e-05
-1.071051138887327530e-05
-4.258429872875755525e-06
1.562234869455868784e-05
1.480316385716058100e-05
2.084724680966552811e-05
-3.681139366289732777e-05
-4.741387100767424810e-06
-4.832971073056903388e-05
5.125833523251560511e-05
-5.652164151814560185e-06
7.646328861212805530e-06
-8.605056064083432604e-06
1.329778661385099580e-05
-1.289377716299561445e-05
-1.472249257688535000e-06
-6.611420852787967399e-06
8.808457442878628145e-06
-1.064364482180326580e-07
-8.060237005164067541e-06
9.031132111277657333e-06
-2.242944105977672487e-06
8.280568741516110699e-06
-5.935589767523554680e-06
-2.796591640996191846e-06
-1.045393690116325025e-05
2.213409463118057565e-05
-1.383860784862864629e-05
6.456561082939705347e-06
-1.034147258564016461e-05
9.168283578728341073e-06
-9.917701967216359290e-06
5.898078613682085711e-06
-3.105481411119445802e-06
6.734105805391005890e-06
5.387599612938607119e-06
-7.658758855899759670e-06
-7.314651100898204004e-07
-7.550215233585748515e-06
5.225068064162126705e-06
-1.105444699564900924e-05
1.739573031979599723e-05
-1.328533635338451710e-06
1.446683808883728044e-05
-1.669790809785959686e-05
-8.111794439767738634e-07
-1.455909589686280683e-05
9.784412815064456962e-06
6.303838420560756701e-06
1.288764751901573213e-05
-1.671774604312409063e-05
7.782709113310054251e-06
-1.889618760843328823e-06
6.667076145645551179e-06
-8.734127519964698878e-06
-3.604558026622577016e-06
-2.623530940555432494e-06
7.833219929473664636e-06
7.776615803142671740e-07
5.566811325485279686e-06
-5.765749934064874884e-06
-4.941370533658562581e-06
-2.042908535212649845e-06
5.450389037912069286e-06
4.564366561346449195e-06
9.683104176755796057e-06
-1.749446845888298494e-05
5.665188492857427481e-06
-1.498620008687194871e-05
8.783522212145329205e-06
-6.930969125063738303e-06
1.049704179948432597e-05
-3.058090783146709618e-06
2.703262104156109638e-06
-1.053053022303765174e-05
8.056826248966637404e-06
-6.993421273627259466e-06
1.566327094624809244e-05
-1.477647421302594743e-05
5.749800439267964796e-07
-1.810334432800667021e-06
1.375366587787931667e-05
2.867323758387537958e-06
-9.839448037878561901e-06
1.411243003088527189e-06
5.439754363817799021e-06
-3.962144121391877253e-06
-5.676287165984574264e-07
-5.683003226314378928e-06
1.139737153152180500e-05
-5.611311729469843720e-06
-8.333307027652245527e-06
7.692367995888034721e-06
-8.227876775503046683e-07
2.450028995423917633e-06
-1.980854080915736207e-05
1.968004037895025935e-05
1.161734552179586283e-05
2.140020402360461591e-06
-1.607661107936401708e-05
-8.680658137237812794e-06
-1.388880978248582086e-05
2.616268133716886173e-05
3.871991713911751616e-06
3.049621521017424340e-05
-3.606347559510311192e-05
1.827938948055391869e-06
-1.324231478143798250e-08
3.782233066227116915e-06
-9.714624164739038903e-06
1.517305038344633866e-05
-5.740264641528907567e-06
9.264775144945451660e-07
-2.322828725364873771e-06
4.193809786238965050e-07
1.124343865032510736e-05
-1.801347628235585181e-05
8.845997033072492704e-06
-9.877435703262538809e-06
1.402868235972861192e-05
-3.666800706513473072e-06
1.156726360536148337e-05
-2.828579163598313645e-05
1.909692895693341217e-05
-6.451938288514860492e-06
1.369974286387262482e-05
-1.336117325895629623e-05
1.478812782942515375e-05
-1.268485035790262934e-05
5.082151878561947438e-06
-1.850656290963114458e-05
1.305410004949855486e-05
1.091903268637394066e-07
1.037839115422383641e-05
-8.809416427781929435e-06
2.155789616288633458e-06
-1.939272614341082572e-06
-1.735820763383065148e-06
2.159936196456712881e-07
-4.306572093235211598e-06
4.293265848773484053e-06
9.085337189635267490e-07
5.621686591679264583e-06
4.710797683814826242e-06
-9.428167648166852106e-06
-7.980089358254890622e-06
1.172418132329546757e-05
-7.732938982165958594e-06
4.259640900715562820e-07
-7.073087472062940865e-07
3.028610169757366083e-06
8.539054949873856854e-06
-1.590709848946088889e-05
5.736404232878831346e-06
-1.208253258581541393e-05
1.792267990388625903e-05
-7.035881884908118191e-06
1.353601469559034313e-05
-3.801632405145235523e-05
2.507803248959620095e-05
-8.631237506499560492e-06
1.004964525602459968e-05
4.133205941696261861e-06
-4.820313206647098528e-06
1.383641039583509053e-05
-1.114772504119584895e-05
-1.084761477548118082e-06
6.441347228497729544e-07
-1.042061449754243840e-06
1.030853581529718116e-06
1.171338331142099620e-05
-1.105496702430302842e-05
-6.938946504942499375e-06
-1.836066477266625995e-06
9.174627716649283324e-06
1.481776712823650770e-05
8.802707377398628517e-07
-1.726078438656867832e-05
-4.177379414007218508e-06
-1.042704654041594074e-05
1.501242680719645233e-05
2.207980534125989991e-06
-9.735233136757494269e-06
9.573559411985726499e-06
1.634325499589046052e-05
-9.466820676056917835e-06
-9.102399952280707690e-06
6.406055295799722448e-07
2.852180152299586642e-06
1.816411829449412509e-07
-3.523730695505363462e-06
5.019600104390834272e-06
-6.452601765890741759e-06
-1.004845267893258675e-05
6.313641654332852296e-06
7.114866055112566926e-06
4.528983351021799690e-06
-1.767462715499696897e-06
-1.021336329414979223e-05
1.078625299491197827e-05
-1.492080274173939288e-05
1.436026987885495754e-05
-1.638969839602386565e-05
-5.196219177393664396e-07
8.235201543790345832e-06
4.331696138149889822e-06
-1.735247187192390586e-05
1.424026368503212810e-05
1.499724030870605899e-05
2.689976852169914776e-07
-1.604381799041177645e-05
-2.668443051920506425e-05
2.380603191409706907e-05
1.059175720644174457e-06
2.054339094254113300e-05
-1.160289784025683152e-05
-1.004425760335872963e-05
-1.783461847456897849e-05
2.342865537643772349e-05
-6.563918754086737030e-06
1.183445018591173268e-05
-1.599761997577748570e-05
7.510790634012062445e-06
-2.252384036170031965e-05
2.056208306286300185e-05
-1.437790703852995075e-06
2.947536852689332612e-05
-2.097783769364898094e-05
-4.413029649620307018e-06
-1.883256281403906506e-05
6.309355775572878325e-06
9.470972739698575111e-06
4.417702292232653185e-06
7.757316567523829629e-06
-1.182846478882818570e-05
8.842837608693949856e-06
-2.799218945588987569e-06
-3.299851765259156290e-06
-4.878465634337512586e-06
-1.287336929757705832e-05
1.571183420001042913e-05
1.610338270341823977e-05
-2.467338045865054164e-05
1.260290618976095955e-05
-7.237064217233503933e-06
8.294363229744339592e-06
-5.386192647482923445e-06
-1.281729749032840662e-05
1.406893900498946124e-05
2.064335698810616016e-06
4.068914088951895186e-06
-1.020457326050292632e-05
3.155185156943919782e-06
2.493638535987976543e-06
1.865099019137981753e-05
-1.738066884030658435e-05
1.941760102313264052e-05
6.069394449671001237e-06
-2.726129040450614593e-05
4.977438849846250058e-06
-2.301781393040812208e-05
1.906903150908719922e-05
-8.606431562844949479e-06
2.126683317680455287e-06
7.868468914370506425e-06
6.368497050818836263e-06
-1.631674159091016515e-05
6.511212038286581167e-06
-1.267431650130068014e-08
2.774252314024327931e-06
-5.050607999495950159e-07
-1.127251355555165922e-05
-3.747171837706671650e-07
1.008097161791073954e-05
6.073285895885734010e-06
2.630226042394468382e-06
-9.077469318492136091e-06
-3.494786502685096697e-06
2.426330152716264175e-05
-2.185283334152089810e-05
-1.895256263951480982e-05
6.408666931748619309e-06
1.335412191870034957e-05
-4.868788743302645094e-06
5.119482260075242241e-06
-2.274822718489633586e-06
6.437145522804577454e-06
-9.507075034316554702e-06
5.036464845361506285e-06
1.282022502404354493e-05
-7.945909772613029824e-06
-4.022878958395436657e-06
-1.202626754457417691e-05
1.632121144263405362e-05
-1.681200704535036096e-06
-9.824917260730713388e-06
3.063418511463878536e-06
7.723030222393354632e-07
1.934089755149121377e-05
4.215673185396896520e-06
-1.710181333895234476e-05
-2.230966585380588551e-06
1.567123456908515002e-05
-1.203504683178199534e-05
-1.273853277970669705e-05
-8.274227692713332597e-07
1.331984733482530645e-05
2.599279536988604645e-05
-2.710223252820058136e-05
3.889575903859949710e-06
-1.776633919779048698e-05
3.925301402687246251e-06
1.237707818651008230e-05
1.084823038336391114e-05
-8.057331166402197185e-06
-2.018451244502553103e-06
-1.028118705570242163e-05
2.459125670713573206e-06
5.695721759782515506e-06
1.848167005936078133e-05
-9.626497634816494619e-06
-7.693577447855354568e-06
-2.223233590162180460e-05
9.777775789717535964e-06
1.000479409699998347e-05
1.369252894100300404e-05
4.286823321171361943e-06
-1.715892903056993947e-05
1.443488978187051413e-06
-1.599010067180491848e-05
1.562944190606404076e-05
-8.127110520894611337e-06
1.300463535321719427e-05
-5.308005293666684678e-06
3.958819694693494439e-08
1.017222733522910922e-05
-1.159053526111213206e-05
-2.017181755999537086e-05
2.548807968960199423e-05
-6.538033011119416734e-06
1.833934278539695563e-05
-1.164911868220041455e-05
-3.679623774544624763e-06
-5.599854331215203954e-06
-1.214276781527736586e-06
4.074249343448146335e-06
-2.288584631609291379e-06
9.460952860104851902e-07
1.031633763179706483e-06
-1.722392002414328935e-07
4.516426437448819620e-06
-5.029104264713805740e-06
-9.729402368419547790e-06
-2.399372625649032268e-05
3.083042861424545604e-05
-3.640332510123217975e-06
9.731946582489929513e-06
-2.792756697490209847e-06
9.201883164347062708e-06
-9.716353850125340480e-07
-1.168536085260104933e-05
-8.850145763340557502e-06
1.470510386629219532e-05
-1.165803895974934252e-07
4.295354265966199470e-06
7.033374639419060532e-06
-1.739977942744757206e-05
-1.718748378049207639e-06
-9.455025293674215628e-07
6.887762392876127144e-06
2.116388790012958723e-07
-7.206376123024597034e-06
5.469341806689853826e-06
-3.554491492327643005e-06
-1.311827245144068112e-05
1.704215583803995218e-05
1.860308884068349883e-05
-1.736183570397271058e-05
-7.524138791525779916e-07
5.751597870498160638e-06
-4.273613646462409469e-06
3.301099064402842972e-07
-6.757343421373478365e-06
1.942451859936214251e-05
-1.398358969230593954e-05
-1.007380437157800330e-05
2.225769285327473319e-06
6.538114428939366693e-06
1.216128489087899231e-05
-1.393827185051491914e-05
8.597984708727544444e-07
4.412280279916589831e-07
4.432809042186944108e-06
-2.048474953661606469e-06
-8.949373243233637790e-06
-6.440836621539382097e-06
1.242537360882233479e-05
-1.474409346323855889e-07
-4.978895058305358297e-06
3.992618819589856252e-06
9.939521138097027306e-06
2.979906903054047686e-06
-1.269989470740259700e-05
-2.251952715591183738e-05
1.908168359252177692e-05
1.254051201426877393e-06
1.696501315550625016e-05
-2.293825918323040746e-06
-1.149908815016785583e-05
-1.112174119052569521e-05
4.830406379907855743e-06
5.465999293047316669e-06
1.224004909460890500e-05
5.241650563378573395e-06
-1.458303731488698030e-05
-1.091680287809284824e-05
-4.770042691842276887e-06
1.387578943603955093e-05
1.088807504606654407e-05
2.049749749831417879e-06
-9.843693893346096031e-06
-4.963823869281449455e-06
-3.308798497887254660e-06
7.679786355912275966e-06
-6.575514233369543791e-06
8.799111415883705841e-06
-1.892996657820143641e-06
6.077700515990754662e-06
-1.343271075307229224e-05
4.535068113551885853e-06
-1.736752950080799153e-06
-3.311166468894587146e-06
6.653568650171883011e-06
1.049004284010864374e-05
-1.932861183842110228e-05
1.089912060132399185e-05
-1.108416345888141731e-05
3.959861158601166291e-06
1.446633327603050747e-06
4.960912884031739969e-06
5.727425961147879295e-06
-6.526205313040787584e-06
3.389825577942807026e-06
-4.242174722937240485e-06
2.135789739643915395e-06
3.192051735387389929e-06
-1.094398890032391612e-05
7.290215922677351117e-06
4.620607967063008304e-07
1.448954255723137048e-05
-1.119678279420588761e-05
5.833057123277661319e-06
1.422875240462446463e-06
-1.177043820188160118e-05
-1.342401478868471559e-05
5.962811535536803661e-06
1.258020627064257988e-05
8.800536437593441230e-06
-1.231050511744212658e-05
-5.313304759932007739e-06
-7.928622422164106716e-07
-2.252287402624788713e-05
3.361717815911157526e-05
7.788378385685186645e-06
1.561059672708545691e-05
-3.166846036896528926e-05
-3.241143227399324766e-06
-1.031067347652389088e-05
1.678457230432400842e-05
-1.477869932504033364e-06
2.675818098049400563e-05
-2.633250496332008463e-05
-8.114671599801735735e-06
7.846402657159379162e-06
9.226995191544608247e-07
-9.839612645597080104e-06
8.372357608762159446e-06
-1.853571669375815773e-06
1.405238367617405002e-05
-2.372376031864420839e-05
1.228920907871080475e-05
3.604319515116514582e-06
-2.775384087358749916e-06
-7.073573276930435162e-07
-1.106062145487295695e-05
1.897959257162892767e-05
-5.921934304474802550e-06
1.413345710669093019e-06
-1.103863762586285730e-05
6.143707553574756660e-06
7.908483602822049906e-06
2.761401500541575376e-06
-8.131230862378424360e-06
5.446308021158867843e-06
-1.275643011545448107e-05
7.596518918285228436e-06
-1.243493541661202438e-05
8.402406599641270137e-06
4.821227126634933393e-06
2.181408679606805574e-05
-2.218563880361872461e-05
1.675748690522257771e-06
-1.089736969829559505e-05
4.553693773775604654e-06
3.700265721096822241e-06
4.692739368124711688e-06
-5.573677958900711518e-06
7.447791599192504959e-08
-9.787775060932764825e-06
-2.931940634201276685e-06
1.051541871463643436e-05
1.072893526944610242e-05
4.950286542628752929e-06
-1.311902929702858986e-05
-1.323077890638204738e-05
2.309496912998802083e-06
6.833367730829726497e-06
4.295226645868941416e-06
-4.264235664438435650e-07
-3.337544650229578321e-06
5.499411419594277728e-06
-9.145149866921821886e-06
6.276501572642819391e-06
-9.183342192045312424e-07
5.063380329463497054e-06
-4.125716363487300076e-06
-2.224186669263797030e-06
5.088040275959894069e-06
-3.313706294136083778e-06
4.865323040828372351e-06
3.592245525066050745e-06
-1.084966373421230671e-05
-7.002409528229090135e-06
3.174640885972238007e-06
8.951469459857940231e-06
9.006960267407480747e-06
-8.833652565538296637e-06
-2.745993937956750794e-06
-6.138307149095612814e-06
1.006017977325599966e-05
-7.459152798418239212e-06
-3.672168845509983005e-06
5.037625937477545546e-06
2.129702761751602274e-06
-3.604758619421472279e-06
1.742580033994937120e-06
-5.286505162077524691e-06
2.651024523418308730e-06
-6.389925228976179259e-06
9.049474665988868009e-06
5.767140019018697221e-06
-6.466477047732133041e-07
-1.149399534968560408e-05
-3.238560480148568312e-06
9.484197526698135881e-06
2.729240276821514433e-06
5.326288723134543988e-07
-1.161121097498866373e-05
4.244821932569343296e-06
-1.101296564868292048e-05
2.003710049527964091e-05
-4.238784287796209530e-07
7.613461514086183037e-06
3.128266695090799995e-07
-1.218981554515001601e-05
-8.452595984481401026e-07
-2.590983642353933232e-05
2.700336678610617229e-05
5.306889828901129461e-06
7.961342597700575606e-06
-1.369938443863285660e-05
5.068836081220873565e-06
-6.998456435012927033e-06
5.020588894181863477e-06
-9.332972797686507228e-06
1.523027692270579998e-05
-8.965907997966397777e-06
-2.927968454730861409e-06
2.100293144910580474e-06
8.294218903823028665e-07
1.002634678145121976e-05
-1.814996899953990448e-05
7.192954266179102054e-06
-5.843566754367178346e-07
9.792056381930622265e-06
-7.722230795394082451e-06
-7.241181993437342193e-06
1.447839320841878588e-06
5.285887264794658400e-06
-4.495289838527733458e-06
1.041911444367096010e-05
-8.078609627295042241e-06
6.586418734454470167e-06
-4.787458613594010667e-06
-2.912200131229099109e-06
-1.400420369095805540e-05
1.400962632438028293e-05
-6.700125714427969663e-07
7.668394606308385477e-06
-2.308948539430607020e-06
-4.300649513082870627e-06
-6.250702135544443923e-06
1.208054575956964350e-05
-3.815929667190855483e-06
1.469116276424528727e-05
-1.678452622902912962e-05
3.855802882831352325e-06
-1.563080400615122147e-05
1.533587480587024840e-05
-9.018896768303399667e-07
1.771311605968848595e-05
-2.182068855711011008e-05
5.862506726905811349e-06
-9.558771724257366081e-06
2.516396715380873661e-05
-1.344819862394400385e-05
-2.984810513742438049e-06
-2.450442669879083785e-06
1.449787804160046335e-06
-4.750745474066723849e-06
1.340441102359452968e-05
-1.002532905748824612e-05
4.345298573520872261e-06
-1.381377738852398085e-05
1.298042078400450903e-05
-8.262171698827588351e-07
1.120137853971229816e-05
-1.314153765968571955e-05
1.665906693407843864e-07
-1.940220914538341704e-05
1.959462972863293333e-05
4.515551458456968670e-06
1.443916292645191341e-05
-1.797615836263268479e-05
4.458262412334953006e-06
-1.936313605817970428e-05
1.608780506868271587e-05
-6.863477006628578318e-06
1.655706110969947526e-05
-9.964497067206666409e-06
5.949086612856696390e-06
-2.209184204912879087e-05
1.931009875022245955e-05
-3.748454310508833281e-06
6.293464091774442481e-06
-1.714808100685413374e-06
2.357204645473354065e-06
-8.400932138007291908e-06
7.096768375411631458e-06
-4.337185476652946354e-06
4.320562740893938797e-06
-4.322187622520317181e-06
5.149712388712774467e-06
1.957047109729791477e-05
-2.100613194512138541e-05
2.791996696503495435e-06
-1.516190589454194273e-05
5.894110474573479966e-06
-1.007747708332642072e-06
-1.060603738331271138e-05
1.368976816853779597e-05
-3.359476868790208185e-06
2.478025709917957190e-05
-2.175050452293546027e-05
-1.041949490721031594e-06
-1.068737852713260140e-05
1.432855758399626691e-05
-5.161390131476618798e-06
-4.706101782918198577e-06
5.473883718711089908e-06
4.573234081540401055e-06
1.201231109187001704e-06
-2.607072791235870801e-06
5.161848788217750803e-06
-5.642070157837999980e-06
1.655616298395770549e-06
-9.655736805178655489e-06
1.352465366788825808e-05
-5.158142393076514758e-06
-2.555565207265916925e-06
-5.195157578629854437e-06
8.551969411610043850e-06
8.211948994450020718e-06
-5.920894337273780985e-06
-3.537285698061542870e-06
-2.739793329878165064e-06
1.493080193347348503e-06
5.284878164463339717e-06
7.638861064411313310e-06
-1.050522069746655319e-05
4.136747387709510139e-06
-4.108897636060907659e-06
1.064856036453338745e-06
3.139806082473535282e-06
4.565409440391972004e-06
-7.136253662792067725e-06
2.328359446276502128e-06
1.561274064650194907e-06
2.839654247982143008e-07
-4.189548874801861867e-06
-1.227235401719349364e-05
1.198713802775482320e-05
5.539714170066971538e-07
6.392693684590489717e-06
-7.698479754392516868e-06
2.612306470162675143e-07
-1.021641650254654469e-05
2.334564146471550673e-06
6.671070709248753152e-06
2.379935458663773508e-07
-1.575276081837656219e-06
-2.013970784257224013e-06
6.823756180869320573e-06
-2.274376284136559893e-05
2.071774458806603748e-05
1.093455829120306672e-05
-1.976534942793256393e-05
7.453069561896344522e-06
-1.615944969239015362e-06
2.414917077873582053e-05
-2.305892744804466154e-05
1.982166418891976724e-06
-3.345402017296241505e-06
4.466881644511562446e-06
-6.912500833392221408e-06
2.081919255809402063e-05
-1.722375604917567238e-05
-4.066755864957738201e-06
-1.027637035109969504e-05
1.802712871110391762e-05
-7.844684889974540382e-06
1.143335859998556936e-05
-7.357915090399192012e-06
1.620659047630151466e-05
-1.598581706783308706e-05
5.122013794415336785e-07
-6.919085683390667063e-06
2.259661064390493650e-05
-1.705358189234582538e-05
2.789968362799334168e-06
-7.329176499578338473e-06
2.278485902345929288e-06
-3.404022010904638331e-06
1.507170463636045691e-05
-1.260806055199097284e-05
7.480259256985459084e-06
-1.431965746161803848e-05
1.148017627276826493e-05
-1.351421953238829372e-05
-1.627191361448280926e-06
9.944958144462979176e-06
3.314145457227649632e-06
1.603179987980324691e-06
1.438364416506114205e-06
2.939867237932102646e-06
-4.325851621846269034e-06
-1.298050453992395297e-06
5.424108595718159665e-06
-4.701906703943947174e-06
-3.342868284777596089e-07
-2.918253004092871088e-06
1.173873498656775900e-06
-2.404027007747562490e-06
5.268912288554080002e-06
1.458103630740921042e-05
-1.399096431633236229e-05
-7.861645891028399282e-07
-1.713083931283684890e-05
1.356497055014951808e-05
-6.528206622000998769e-06
1.226103449334195279e-05
-5.877358179977630883e-06
9.537725224968359605e-06
-1.711110140737914304e-05
8.782367667963975692e-06
1.116099964885915139e-05
3.188389692707019803e-06
-1.469952195722966998e-05
-9.779496877534379245e-06
5.584080834771827611e-06
6.035553668056195059e-06
2.570717669796671169e-06
1.391428543787825154e-06
-7.321384730403932426e-06
-7.799586463313070534e-06
6.521984673265196033e-06
1.778108466651134528e-06
5.630554478121551102e-06
1.656304093441239843e-06
-8.119086852480698888e-06
-8.974066109574783815e-06
9.626668053371159389e-06
-4.830232254405383872e-07
2.502450554794253652e-06
-1.332017177760015627e-05
1.408351535314343743e-05
7.630443165639464579e-06
9.007315381238543885e-07
-1.125369847778645888e-05
1.765586147629142532e-07
-9.141669411924754329e-06
1.083902172606170057e-05
9.839494332664214189e-06
1.959604710074184866e-05
-2.771178371165146262e-05
-4.964272855967246777e-06
-7.013713589850884755e-06
1.442179233652094630e-05
9.444023392660038421e-07
1.352411862320455267e-05
-1.920447058480240248e-05
-1.062159728942050092e-05
2.167036481906818154e-05
-1.200769998956685318e-05
-3.280596293545315981e-06
-1.825242885123213836e-05
2.635080287794725509e-05
-3.078439253837187903e-06
3.819750102117867905e-06
-6.933971373565486225e-06
1.019099850061839884e-05
-1.989942928926867742e-05
1.257174943385977350e-05
-1.533725988997185698e-06
2.389100344316693869e-06
-5.504635360569514606e-07
1.547890023730255006e-06
5.009939370940203578e-06
-4.705349073704120810e-06
-5.208352343805261938e-06
-2.616265452990606600e-06
7.529008789088341141e-06
3.887199927980605887e-06
-5.410620091410697958e-06
1.143880719096367161e-06
-2.840412122381682869e-06
6.483055371825912838e-06
-1.620321513654871640e-06
5.563873433616422170e-07
-1.256411495691943156e-05
1.444600786832669426e-05
-6.417180328081409130e-06
1.424297911693397738e-05
-1.416257248995788265e-05
1.822452105738174441e-05
-1.033065750023904755e-05
-2.112164858980037530e-06
-1.519953266823082266e-05
2.186773875892737663e-05
-1.247721883228536399e-05
6.297985610943079482e-06
-7.146916641525525327e-06
4.149997729841156012e-06
-1.326507677948452995e-05
1.578203310975592988e-05
-3.337432399917383178e-06
1.183889430073146497e-05
-1.626475190358760224e-05
7.957322693237057497e-06
-6.559434063151220622e-06
-1.353235840004206969e-05
1.596350533981969551e-05
9.878656412237823802e-08
1.944245581353527347e-05
-1.608212348061945996e-05
8.577353886920906120e-07
-4.402334266227296816e-06
3.126085573867745117e-06
-5.739878858728941365e-06
1.058874668990118483e-05
-4.126524687277822238e-06
-1.114003981238704838e-05
-1.106982011070920606e-06
1.056647020780953607e-05
8.189070659500490224e-06
-7.734164349417788577e-07
-8.285433919949245491e-06
-5.149032613682382229e-06
-1.560197344709983448e-06
7.602094549586409431e-06
9.807731683237269149e-06
-7.674623416383701260e-06
-2.388655018495874035e-06
-5.469393028315353974e-06
-1.323287430670035282e-06
8.468901629249791087e-06
6.935502141979109058e-06
-4.193317017842883700e-06
-3.950530584979452678e-06
9.625686181961772632e-07
7.274564862206492657e-06
-8.139892896652328285e-06
-9.579560119528813264e-06
3.218626523910522887e-06
5.732468872828804286e-06
4.334965558191636756e-06
2.374011681647277985e-06
-6.667749407419205810e-06
-1.180026502850718226e-05
-7.352911081555521694e-06
1.816047097500735169e-05
7.934532010806972396e-06
-1.439905606142818329e-05
4.251690669376112508e-06
-9.033674248188310860e-07
6.599486828778023642e-06
-4.396114690340677355e-06
5.389831474478829501e-06
-1.489694819411263734e-05
1.473391055034754018e-05
3.201572457437009192e-06
2.157142589768637798e-06
-9.835782893579644563e-06
-3.159589978257945313e-06
3.246557360515583748e-06
4.608729199332596548e-07
3.517988473745701163e-06
5.993676667986338586e-06
-6.334450655753200669e-06
-5.209588649019858549e-06
9.951180778059014960e-07
-3.020757301441954642e-06
8.080265477312756304e-06
-9.400013969216155986e-06
4.996788237493657322e-06
-6.010984373501775208e-06
8.280358477042790827e-06
-4.077423986110003850e-06
-4.435034123105460793e-06
4.735112199160438717e-06
2.342649668584488723e-06
2.293441398914053970e-07
-2.745604129334640341e-08
-2.202684002765213257e-06
2.779752569315680122e-06
6.217722489026926690e-06
-1.222409544147802248e-05
2.551763964040184097e-06
-5.990412786105507131e-06
8.208783061477050163e-06
-7.087951225566195085e-06
4.840023976883454492e-06
2.657724752545912719e-07
6.256578217210706668e-06
-1.870582063926434514e-05
1.633518102117724713e-05
-3.413518129591997705e-06
7.318875123993023310e-06
-7.061865971230407792e-06
6.998688317973598603e-06
-1.459633242295872821e-05
1.175889830746563273e-05
-7.640070620134632989e-06
1.836165964260355653e-05
-1.585926382176623689e-05
5.998094219487611989e-06
2.968618428332316626e-06
-6.081504868142446806e-06
1.625905325789076108e-06
-1.120750339714695957e-05
7.350507248419612714e-06
4.388052402247350872e-06
-1.128137000868219413e-05
6.006203183629594072e-06
-2.549138199819759386e-06
5.371128566871244312e-06
-3.115981973699565402e-06
1.175742407104136913e-05
-1.452314891607215610e-05
4.103589242254103661e-06
-9.746652023797058349e-06
1.053358603759956412e-05
4.307538843722643858e-07
1.218278039478893060e-06
7.824673252135075263e-06
-7.953277420757107254e-06
-5.703152408707122618e-06
5.205701683891616789e-06
-3.988171429484804184e-07
6.559940551819917626e-06
-5.186778284134912486e-06
-2.126635323825252783e-06
-6.155516483392240999e-06
3.811245044418515968e-06
1.927847040875713434e-06
-9.998185252129139191e-07
1.476149146987947379e-05
-1.218781763193929995e-05
2.199457188060799171e-06
-1.406761774624058742e-05
1.016987706367345318e-05
-7.529994963968642686e-06
4.022768372987486137e-07
7.323375852361731472e-06
9.385084656178864105e-06
-4.297026002877397160e-06
-4.937827521107848218e-06
-1.564051645153890446e-06
1.104486569870052144e-05
-8.494611478506098245e-06
-6.811882625174739430e-07
7.427515398057423952e-07
-2.866546033115910542e-06
-6.065318503866444475e-06
3.254434165542391486e-06
6.468469272885491960e-06
1.127971884201346627e-07
-3.146109507641188388e-06
-1.331668948042366796e-06
6.862413264051067172e-06
-7.402672996827246425e-06
5.513120237878314962e-06
-5.044366608361885862e-06
4.075411265754455289e-06
-4.123649458866170223e-06
2.832922809422641976e-06
9.024854421662799390e-07
1.512772272545588687e-06
-3.705674515170942189e-06
4.346537474460048162e-06
-2.882732576715761429e-06
1.433744258449463382e-06
-7.972526308971279594e-06
7.171422883707207037e-06
5.897854357970454354e-06
2.398335600628374298e-06
-8.756327601352023490e-06
-1.527742475846433697e-06
-5.499799866418878536e-06
7.260375286975972862e-06
-2.396972163798393788e-06
-6.761945028675943171e-06
1.342656210608420258e-05
-1.792413225292869258e-06
8.427568859162131644e-06
-9.230742447598417672e-06
-9.778601903728200665e-07
2.035241888293334205e-06
-3.826871228269180264e-06
6.978122070916964792e-06
-4.114223526142674583e-06
-2.104056429032724402e-06
-4.548952865064949212e-06
-3.427614692951618169e-06
9.513360972981247575e-06
-2.723532690005398194e-06
8.241787426340873519e-06
-6.245993077634244062e-06
5.057426220265097480e-06
-6.155432042032064801e-07
-3.039895327775917748e-06
-6.507956788763771877e-06
4.232608499606115127e-06
1.160761648276561732e-06
-3.060376131950226421e-09
-5.865536467208335629e-06
7.048553895249074157e-06
-2.448659752229683636e-06
9.330346532689432382e-06
-5.507023692073581680e-06
4.203288253260311551e-06
-1.059042124680038648e-05
6.337144960688163765e-06
-7.497820791838229051e-06
1.469722327567734717e-05
-8.972103623301901334e-06
1.155857440990627400e-05
-1.818332236047185817e-05
5.185471072281133453e-06
-3.308804102309901231e-06
-7.642121562390208740e-06
9.800960867031568367e-06
1.071794948572186027e-05
-1.128633571739501521e-05
-1.487505043659328251e-07
-1.252174579732852417e-05
1.501406561899139993e-05
-5.027560835266271861e-07
7.889897652800346187e-06
-3.569703923581712409e-06
-4.811824852108093450e-06
1.220497464223067180e-05
-3.071846145748713050e-05
2.012383669915932834e-05
-6.049296712863992852e-06
1.083943237123349791e-05
-7.948571841224250529e-06
5.380306261694902147e-06
5.723588792385941808e-06
-5.171717939235275185e-06
-6.061116824360420480e-06
1.224985275797161525e-05
-1.167913080960440626e-05
8.156165281949098397e-06
-9.692043674869706694e-06
2.224324064289001792e-06
-5.316161768781815897e-06
8.154765798085646957e-06
1.408232611298159991e-06
8.777579746352151029e-07
-3.846902302348203018e-06
-1.282828465177545355e-06
-1.554243753576188956e-06
6.386531175967867148e-06
-2.417049881826794683e-06
4.070661494233685507e-06
3.439049388699084697e-06
-1.132378538770421085e-05
-1.291289756746246541e-06
6.200789404940613453e-07
3.285620745978186799e-06
5.684297374667610135e-06
-1.077563375796814697e-05
3.255036378539827438e-06
-2.379266028244730940e-06
3.117582099729148393e-06
5.383526643029871018e-09
6.226895554928289889e-06
-5.042114177809176975e-06
-3.527692789424909960e-07
-1.251377475825626184e-05
4.686598164187246647e-06
7.427533075030551052e-06
6.214465518916270295e-06
4.942601463886006443e-06
-9.005976303505903931e-06
4.352454989337163509e-06
-1.215798926081013609e-06
-7.955770814847215407e-06
-4.090406454340365955e-07
-6.762784240494714966e-06
1.139928215713894202e-05
-2.975405465231988930e-06
-1.123907870354867155e-05
1.348548075702513598e-05
-9.119939552776417537e-06
3.610472262712333320e-05
-3.013494168265021584e-05
1.001090958359193529e-05
-2.155945254531022086e-05
1.404072182032922058e-05
-1.173182227797152930e-06
1.164430960164970396e-05
-1.186144874279790551e-05
-2.034702800863958539e-06
-2.090853850088477347e-05
2.073433509298984660e-05
4.557398498716624638e-06
7.430235397174673440e-06
-9.664136301767182948e-06
-1.070967690601338398e-05
2.512430790285168509e-05
-1.512833502719095825e-05
3.378641530198625648e-08
-1.896023616099506302e-06
4.995220538505069452e-07
-6.091671691989837156e-06
1.424811341190915652e-05
-7.645115062738476865e-06
-6.592236700350617326e-06
1.681597674134569599e-05
-8.276955074936970052e-06
-3.337533778763036232e-06
-1.420182897335534820e-05
1.701488095479129021e-05
1.021553490000157869e-05
6.020049727816738423e-06
-1.381157034510165786e-05
-1.818818539889847618e-05
1.471261068837593375e-05
2.180958408592522692e-06
1.487158963786204708e-05
-2.349259467653227204e-05
8.204250799304910991e-06
-1.082726399603248279e-05
5.633819627227381233e-06
4.995919463185926143e-06
-1.480979062066779434e-05
2.946727051167626537e-05
-1.702123667675265763e-05
4.332814694076837309e-06
-9.702363877640414290e-06
1.198995033637377851e-05
3.763776353558763445e-06
-3.110924656700380431e-06
-1.191408484531631765e-05
-3.224689756011775790e-06
-2.272204644900714020e-05
3.462100936547090225e-05
4.583357278256825744e-06
1.113547085070856368e-05
-2.074532854438368012e-05
-1.375075014322137609e-05
-1.222999580005718046e-06
1.904227967671095388e-05
5.366449337350474829e-06
2.173773378409403251e-07
-8.406356517807311569e-06
1.397309812619269774e-05
-1.398270130407220410e-05
-7.801912116554935448e-08
-1.478949146267805090e-05
9.219931266723417105e-06
8.656926032534291080e-06
-5.504377077889200726e-07
-9.544428302810861262e-06
8.703148015471899791e-06
-7.658833335810391737e-06
1.856203145655977875e-05
-8.996562530351964000e-06
4.011408106410161104e-06
-9.000160303102127106e-06
5.425658252458135728e-06
-1.217807279760238085e-05
2.024041782058525154e-05
-8.020338209508116542e-06
1.586866082930819325e-05
-1.900961466890808149e-05
3.233909947712448992e-06
-8.557210491012235432e-06
-3.147304533170075485e-06
7.517430593918234249e-06
-3.006670339592358544e-06
2.418553977657327466e-06
5.082280257590741408e-06
-5.876426588116515804e-07
1.004263717268556300e-05
-1.249390148337657509e-05
9.906017664175870532e-06
-1.328083978207022630e-06
-5.301437074560751260e-06
2.066522429826355154e-06
-5.506991439819726226e-06
1.812781699279352769e-06
-6.396594082675551349e-06
-3.495652583218540315e-06
8.647518691623081607e-06
-2.857459579585755656e-07
1.439932371304090097e-06
2.883178979626914352e-06
8.372099099363850281e-07
1.614223484881601502e-05
-1.711478774762277392e-05
-3.499304606040218904e-06
-9.893706948186739461e-06
1.198650962669619195e-05
2.299169495207663608e-05
-4.350440443903174622e-05
2.001131060304399211e-05
-1.135580149630158958e-05
2.195436999845888691e-05
-9.285034063072170215e-06
1.474933702713464195e-05
-3.241393682147151556e-05
1.788357940830170723e-05
1.763797392729971617e-05
-1.055875774394306462e-05
-6.787324840681561368e-06
-7.302819123761605231e-06
2.203119224290132913e-05
-1.473645142061730811e-05
-1.177602541969435651e-05
-6.861780252675061581e-06
1.604100203358787844e-05
2.238843049427894033e-05
-1.112636494707994965e-05
-9.099455352428674596e-06
-1.932947456226027122e-05
2.584397838369558966e-05
-8.488963691650988928e-06
1.228020675940901974e-05
-2.856081752669280057e-06
-5.902608768620042170e-06
5.586658893354299568e-06
-2.358126086722295802e-05
1.569399466982757579e-05
2.504047039318948283e-06
1.330904591708757514e-05
-1.432163127008569639e-05
-3.894776963235243854e-06
-5.212947482139660243e-06
9.161641365221058342e-06
5.061127132338383180e-06
1.765633487157309298e-05
-2.520651355860777519e-05
-1.077587597008121807e-05
-5.389820550679797146e-06
2.100030664593496830e-05
1.884878556100172571e-05
-5.623223467454602060e-06
-1.464440632960065341e-05
-7.902264212077023155e-06
1.584575043783768305e-06
6.475276323512101139e-06
-6.774078200390812302e-06
1.161850245856273908e-05
-5.188046547312077960e-06
6.494655130269390696e-06
-8.499202113841199663e-06
9.221420240885285028e-08
1.146009686229071910e-06
1.009997034949993217e-05
-6.782907196454784007e-06
1.053557343857018444e-05
-2.068103578191913573e-05
5.098258627629555454e-06
-6.013339211900305948e-06
7.029440646533606450e-06
-1.079631274285086252e-06
1.045618630312110614e-05
-1.550619505658534862e-05
3.800740258692039485e-06
-1.177102398860352942e-05
1.543795680798687635e-05
-5.829123511693912332e-06
8.727236368340578245e-06
5.001205867236237354e-06
-7.398048249775679047e-06
5.737313278103883715e-06
-1.097289518401663817e-05
-6.626715235370736907e-08
-5.792102381048933992e-06
1.439697245761692703e-06
5.453864059859581483e-06
-7.428772984840324625e-06
-2.425181900045022420e-06
8.502815042448914196e-06
2.161323730691599289e-06
-1.375410682495319448e-06
1.018228596543711106e-06
2.423391915294359998e-07
5.181387852481863108e-06
-2.356860564300017300e-06
3.226999283366343256e-06
-7.615347605231560553e-06
1.416871002312214216e-07
2.143687426249249007e-06
-1.260744579955934625e-05
1.051642158575638567e-05
3.738401755357470964e-06
1.587797471914894116e-05
-1.960577400992870686e-05
-2.298540007280806396e-05
3.796454602815211373e-05
-1.359840565010119425e-05
1.689327580175406377e-05
-2.060543214520221825e-05
1.888449234497998278e-06
-1.372281861113477903e-05
2.114037635809985763e-05
-7.948067270423537904e-06
-2.316993335314153417e-05
1.428883137508588013e-05
5.791004767460682739e-06
1.221008410105488776e-05
-1.628943874264084690e-05
7.961803781464823519e-06
9.205615621129390448e-06
2.306283259479144296e-06
-9.998287039623316878e-06
-1.911468192414373323e-05
1.291907144087112368e-05
4.859773797400929668e-06
1.393760017155442633e-05
-2.666867341572779268e-05
1.570999970818310961e-05
-5.007234215824360650e-06
8.402664055725907852e-06
-8.420953589993790324e-06
-4.533235243752634628e-06
4.409471906853351214e-06
5.688992443392160039e-06
5.376440278413691410e-06
-4.906581440143587512e-06
-1.013409478107480879e-05
-7.178704254127170938e-06
6.415052793672561062e-06
8.696643066102366509e-06
8.213461236402906255e-07
-2.884427226871462380e-06
4.305416956005767862e-06
1.361729488826512992e-06
-2.066144004222631139e-06
-3.157734397812784449e-06
-1.065732161264599609e-05
8.235616540077643109e-06
3.592420286088099694e-06
7.958595661900406775e-06
-5.024173485423820094e-06
-3.351632549962956643e-06
-2.484861301259280847e-07
-8.323902062867622736e-07
7.761445730228549396e-07
1.917072521427186230e-06
1.471984042770417945e-06
-1.583909263395687233e-06
-8.381535229428228439e-06
3.543404282277382432e-06
1.689261308507413718e-06
-2.125907346262515856e-06
3.104280642826879864e-06
-8.532199037542697421e-07
7.417222978372962189e-07
8.436403414738089391e-06
-4.170615766855982009e-06
-2.016180427223791722e-06
-7.580935672933736441e-06
5.782494810960500347e-06
4.790937212637173801e-06
2.010263273926726165e-06
-6.417006277966082092e-07
-4.948348346287823018e-06
-6.196317820631005797e-06
4.177164349676452116e-06
-7.676857370630650205e-06
1.564308240635578614e-05
-4.370278461174621782e-06
6.775571370219872907e-06
-9.560208837072053855e-06
1.116042553788490348e-06
5.591284989385721667e-06
1.375807098376419813e-05
-1.926897008446701244e-05
-6.738662275889970753e-06
-7.860110079735182419e-06
1.736890976616749813e-05
1.209175622632240724e-06
4.228098800362026226e-06
-9.675415516195159460e-06
-4.699726178372437809e-06
-1.570019970839445672e-06
1.322634180417446541e-05
1.618091942800019451e-06
1.765725534748165452e-05
-2.085790502084358618e-05
-3.817010630115503809e-06
-1.837545985797995533e-05
2.090185512826464486e-05
1.602985265107624812e-05
-2.404589676171040572e-05
6.955194465076610381e-06
-4.885976266553322984e-06
-7.003653824747890029e-06
1.342181108698746059e-05
1.099637632697557800e-05
-7.683153598697955151e-06
-1.739702343736774850e-06
1.265806098923815499e-05
-2.558940051408944511e-05
1.494894867935948185e-05
-1.165593217778102008e-05
2.555112216160524343e-05
-1.983965987658186473e-05
-3.859134744340168290e-06
-2.394075030131849921e-06
5.827850603870739911e-06
1.354789414170874058e-05
-6.263380759542926322e-06
-8.122425898386940820e-06
-1.130502056239635723e-05
1.746682939891936820e-05
-7.596872602300980016e-06
4.211077230868648377e-06
-5.788029424458440817e-06
5.426750755892126074e-06
2.052556674503898004e-06
2.753996954397242338e-07
-8.261258378077648780e-06
-2.986697986730951558e-06
3.289741272237498540e-06
9.176492634450988614e-06
1.669553933011203431e-06
-2.156859081049053114e-06
-6.806910080681202673e-06
2.825223870213709005e-06
-4.937133043344220882e-06
2.645118446759859372e-06
-4.960786183251771615e-06
6.017421284418132625e-07
5.206457091760415707e-06
1.016127151947323915e-05
-2.645310604257463958e-06
-7.500531242963279804e-06
-1.075750665394505606e-05
6.368552718480666747e-06
4.367112302204749066e-06
5.338215327444226636e-06
-7.667357300874025520e-06
1.574291104628371635e-06
-2.808285030061465773e-06
1.630413431959470435e-06
-2.656507677071214824e-06
7.062086024439221973e-06
-2.609252167134718864e-06
2.530659921572601851e-06
4.368248054386537548e-06
-1.035946455502191777e-05
2.874243745872675301e-06
-3.687765114796565829e-06
-3.335832374673097606e-07
6.184580750007806987e-07
1.121905166949585456e-06
1.312943536684571136e-05
-1.109656977200117126e-05
-2.915313363408950201e-08
-8.326736861434368690e-06
4.823427775336874230e-06
-5.894568863552609893e-06
1.325651865252883946e-05
-4.152046545978299317e-06
1.510778429571330752e-05
-1.962022006992953274e-05
2.593370569247331384e-06
-1.119578287329395648e-05
1.274016673396119174e-05
-2.467856555163361072e-07
4.972259173842113215e-06
-1.662883675281583021e-05
1.058479206187582843e-05
-1.111194059166020357e-06
8.720545063118512056e-06
-8.376047551755389225e-06
-1.453020949226219602e-06
-4.112601607662195349e-07
2.159803124519380228e-06
3.785478670073145033e-06
8.698495419179002019e-06
-1.829300276594103645e-05
-5.476415967366166196e-06
-2.254605475219787641e-05
3.165395680276104754e-05
4.328253354362184207e-06
1.187966452362223136e-05
-1.710580981752840045e-05
-8.749807671827608833e-06
5.841126683905191274e-06
5.213333748358193869e-06
1.489285573713518054e-06
1.183406691944079243e-05
-1.491120110815246493e-05
-5.167238359080550473e-06
2.554529227390616967e-07
5.492439482337975457e-06
-7.811950675203593503e-06
-2.028102389560573385e-06
7.557189754219001358e-06
7.735085942922188378e-06
3.862596462493929643e-06
-6.950975094523662549e-06
5.783170805581452369e-06
2.621140305354958234e-06
-7.419812382387021117e-06
-1.213792436691307351e-05
-2.744415391135576057e-06
1.381386735033172048e-05
1.317912245899172533e-05
-1.424108446851236758e-05
3.645389319339099236e-06
-6.446231374038808397e-06
-4.905966409473430147e-06
9.303899242803354404e-06
-2.274429610531814963e-06
9.816225711653401976e-06
-6.773791053300169733e-06
-1.604521252618690718e-06
-2.964026434070445911e-06
2.595530158614615887e-06
3.565201872957490904e-06
5.104823711417868414e-06
-7.481571676314915662e-06
-4.505976608593497765e-06
-1.409507182902299116e-06
4.282286484895225896e-06
2.650929875683204445e-06
6.078977299762364036e-06
-6.443774964892465528e-06
-5.516907164849941456e-06
-8.143591674671198566e-06
1.199242926828431298e-05
8.856597572257557437e-06
8.951108391607382121e-07
-8.224348116479457730e-06
-5.023387150271765674e-06
4.391885954411559666e-06
-8.628458947087199399e-07
8.102679534150786293e-06
-5.313665183756622408e-06
5.046546237428091084e-06
-1.142756045931375233e-05
4.541485415147773138e-06
-4.663783533835801728e-06
-4.533983989104374328e-06
1.296141098155118808e-05
-1.768821388977971521e-06
5.475399394048985020e-06
-9.921876227156447073e-06
6.358223296728188480e-06
5.184310880871511076e-07
-2.646197113245191661e-06
-8.624326557993737617e-07
-3.256817874531123678e-06
-2.849809222835060993e-06
8.358564088784400860e-06
1.104554351543587632e-05
-2.671903885605682133e-06
-9.528067808854794729e-06
-1.699777674862063719e-05
1.144123577185807581e-05
6.999963637157576100e-06
8.616741833162615545e-06
-6.058051384935246669e-06
-3.187311605879664491e-06
-1.216878434153588907e-05
1.648265873379241360e-05
-4.083564639581572305e-06
1.555071367963118206e-05
-1.878188148780093316e-05
2.961559443404205918e-06
-5.356566552529755046e-07
2.205278389231683566e-06
-1.136680260449526766e-06
-3.753023810447045437e-06
5.683716763467732685e-06
2.334289607854589252e-06
1.808980039454259443e-05
-1.192183704169166079e-05
-8.487747674615059420e-06
-1.523782272565601113e-05
1.258248608202696396e-05
4.062216717657405369e-06
3.442207134414824741e-06
5.755427145366379536e-06
-1.196924538960788326e-05
-2.326034941337103715e-07
-9.518758886265144573e-06
1.158189153418558239e-05
5.201218214648522798e-06
3.124474513529886962e-06
-9.543467842556399219e-06
1.206819863797289183e-05
8.799694547023891009e-06
-2.104572858080611857e-05
-9.201822066167576929e-06
-1.364041084615071643e-05
2.225736786340637647e-05
-9.303930489824563637e-06
-1.680891799828071135e-06
9.783557655554045988e-06
1.195015020828095592e-05
2.289936545081032032e-06
-1.177904704244020342e-05
-1.498620344565537087e-05
2.586889755399924361e-05
-1.477213687377755064e-05
6.741057574512910823e-06
1.343437339996896528e-06
-6.340636455691944295e-06
1.288162530122478796e-05
-1.378105846412470799e-05
2.563865199245611387e-06
-4.286134776185160846e-06
5.558250787832602147e-07
2.615713031093095430e-06
-7.073374139821437525e-06
-2.888591246153898661e-06
1.163014162364777326e-05
7.831930657080107361e-06
-5.785959582130726283e-07
-8.270279913768833720e-06
3.796244755412579586e-06
-7.311191597456335076e-06
2.725843867127360093e-06
-4.065649221324879930e-07
8.231340258035497030e-06
-9.526760585701519947e-06
-8.092832565600281358e-06
-5.459885696830668920e-06
1.502310944894153956e-05
5.145851496007610126e-06
-2.864131175865791695e-06
8.479929557257532188e-07
-8.700419299974815042e-06
9.489139423768203706e-06
-1.094596130378227116e-05
1.281842337554207117e-05
-1.012889197276819431e-06
1.887947493762504538e-06
6.231740313363937870e-06
-1.236964399677201298e-05
-4.267471753794743628e-06
-5.118267615466288808e-06
7.120606213960811118e-06
-2.881053228215180664e-06
1.323834744549204907e-06
-1.122632834259515170e-06
2.561053694004384540e-06
6.612998664242409673e-07
7.831956144499355445e-06
-9.788455255691773889e-06
-4.746010510343593167e-06
-7.567666363085198428e-06
1.360463248272512292e-05
7.122495077533006310e-06
-5.024431527967878536e-06
-3.344192503743020382e-06
-1.227868958693480248e-06
1.215468915750234498e-06
-8.020991390785858798e-07
9.532851506927022381e-06
-1.635320863423152477e-05
8.056312185496528066e-06
-1.970993951886313626e-05
3.232864746315039479e-05
-1.296171297276724411e-05
4.802891121954870915e-06
-1.063081473108045723e-05
7.090063831633909163e-06
8.851272022562912484e-06
-2.270185492108127336e-05
1.089212982047364435e-05
-2.684075628901946132e-05
3.061429120085092375e-05
-5.261760606730231123e-06
2.509233509974566071e-05
-3.226730645764365972e-05
9.483079645103734915e-06
-9.240782376385695733e-06
1.622405935814195295e-05
-6.883814726919365652e-06
-1.470979530663873641e-05
3.038937531767464743e-05
-1.594131330202538762e-05
-2.470095562936803094e-05
2.364201665564647496e-05
-5.691722963379338242e-07
4.997174536788014387e-06
-3.545920611786780320e-05
2.956520914361484014e-05
5.909437193770275076e-06
2.630195053088627157e-05
-2.759057729462703791e-05
8.479298985130847416e-06
2.655860517906408352e-06
-1.270581450504309107e-05
-8.585562279871836270e-06
-1.599241680614290945e-05
2.537585131172320996e-05
9.632691186242979143e-06
-1.252096110251119602e-05
4.786320248040147661e-06
-2.598749262011940594e-06
1.858971307148980925e-06
-8.982483987526071424e-08
-1.131951222769864314e-05
-7.392341703232462808e-06
1.877448253354925729e-05
4.723738276276921876e-06
1.384273508365799800e-05
-1.780374648573174781e-05
7.349983615625889903e-06
-5.986528927215438374e-06
-4.316960374319534668e-06
-1.062221638540891379e-05
2.292805330620910166e-05
-1.137208660438955727e-05
-7.719810027205807649e-07
-7.798241237143175376e-06
9.351114739690339820e-06
-2.664580772621365578e-06
-3.948401026835653359e-07
6.975242667833230144e-06
1.068814736084225659e-05
6.753979678003658569e-06
-2.447947452308118558e-05
-9.090800224543773368e-06
3.751680028469316376e-06
6.913566453519417899e-06
1.457937360872640158e-05
-1.694210121623884903e-05
8.364484540619297504e-06
-2.432352556928062205e-05
5.532156716847124698e-06
1.227080519604786933e-05
3.295004862188937329e-06
8.556941667953805504e-06
-3.760907987882841400e-06
-4.250761575066622612e-08
-8.537595025228999021e-06
9.346934081999380817e-06
-3.488667720866324075e-06
7.909051526593238935e-06
-7.401119511345310248e-06
-2.378172276482787780e-07
-1.153924029150109212e-05
1.153251410652513527e-05
4.714527197317424545e-06
1.234723974461388320e-05
-1.710575791513635843e-05
-2.694623950180267940e-06
-3.051035368402998439e-06
6.390065880877628546e-06
4.519715657661255379e-06
-6.384282220796420502e-07
-8.010531570167399719e-07
-6.631374999932971418e-06
1.417052551630638952e-05
-8.343003034349194617e-06
1.015963500998822862e-05
-3.009890476292369541e-05
1.758860397835037038e-05
-2.630702440269810939e-07
2.506274645363102137e-06
-3.941044151672377937e-06
-1.334857324446702296e-05
1.460864521253106540e-05
-6.413860855673855896e-07
2.639533067618293565e-05
-2.350999182746203308e-05
-1.128627593240120413e-07
-2.598520777134395569e-05
4.237610831259249231e-05
-1.768908173314606521e-05
4.933986503256575980e-06
-1.834520961002135460e-06
-3.325249435525627794e-06
2.027310140781625393e-05
-4.585133143493791744e-05
2.622538466209336350e-05
2.613862958274956050e-05
-1.800051022887717812e-05
-1.009773793432478258e-05
-1.271668491538062628e-05
3.588185672817912632e-05
-2.047196069442613865e-05
4.392241788104201598e-07
-3.296322238268323442e-05
2.900616419658301652e-05
-1.175325129052820879e-05
2.673258611433411712e-06
1.343657308598279106e-05
1.244922616955179339e-05
-2.214478911154918919e-06
-1.683660334210965046e-05
-1.239554515272845643e-05
5.830875254114302610e-06
8.455641825152376549e-06
1.314722678440162983e-06
2.538151865672999747e-06
-4.141765865023272275e-06
1.143067459763241148e-05
1.234012245982544977e-05
-2.299096799437420341e-05
-8.396499525705608796e-06
-4.473119636129408924e-06
1.024226322200195915e-05
-5.604205277290069014e-06
5.991673719390870780e-06
2.786164104176510569e-06
8.526272341018324225e-06
-2.917915336392310624e-05
2.196024011527678260e-05
6.915363558138647483e-07
6.087916668992588451e-06
-9.951725347972664542e-06
2.467235887489645730e-06
2.615776070908957646e-06
-5.861767367842981837e-06
-8.657515280433508988e-08
-1.047114775519684295e-05
1.672919155838328658e-05
9.602550388954380185e-07
3.703173953440016072e-06
-8.505830166967213687e-06
-1.129094065239098474e-05
1.077998395629997921e-05
1.535751589123935549e-06
2.159310898588631989e-05
-1.639908914897679867e-05
-7.169689256834893411e-06
-1.135590715052411760e-05
8.022138066507518894e-06
-9.764894122342833994e-08
5.945905754701597833e-06
-9.766578317481862457e-07
-3.951606607361482672e-06
2.770833371606684638e-06
-1.542218620242622872e-06
2.297050795865721793e-06
4.277806953696234891e-06
5.282334909323436691e-06
-1.028089883854204129e-05
-1.034017364884107558e-05
-4.095201381343584532e-06
1.257071254619241387e-05
2.960431763232611959e-06
6.239316007223669918e-06
-8.535460381609803602e-06
-7.526358711713174100e-06
-8.683423098826268237e-07
6.104562161888940142e-06
4.333805342526461488e-06
3.853904563128260477e-06
-9.314824833152923257e-06
-6.068199082908013007e-07
1.547462596820211922e-06
9.466493991776843382e-07
-4.333430465182932606e-06
8.375183808806542661e-06
-1.044759868221336741e-06
1.154699233009090746e-05
-4.126134801859232453e-06
-8.458744160840302531e-06
-1.708016588141930394e-05
7.974739229875281246e-07
1.516432529411552288e-05
1.294481145139311589e-05
-1.083351905420224732e-05
-3.099091317756770845e-06
-3.587296614928405861e-06
-6.424037845938411485e-06
1.141715497082815476e-05
-1.529127037604843052e-05
2.928091785498304194e-05
-1.538856649912095806e-05
-1.471344032246424687e-05
5.436450157523721206e-06
8.129008511414950928e-06
1.254246231229188613e-05
-2.535790220209130938e-05
1.855460267922682892e-05
-2.099953579529258022e-06
2.757002433114761302e-05
-2.866031360081894115e-05
1.127597782730027514e-05
-1.404349693863308343e-05
-1.732523914880068995e-06
-2.703262574069440602e-06
3.097097115499211422e-05
-2.106810498976735693e-05
-3.138741996618352257e-06
-1.056551192608977888e-05
1.168788466510851181e-05
2.061918135101797032e-05
-2.944173347233893428e-05
8.924170951776146679e-06
-2.730269659567829971e-05
1.128070137744312070e-05
1.430906353733218272e-05
1.986914973469978670e-05
-1.270886137476943399e-05
-2.928958237823799099e-06
-5.406182220686154596e-06
1.035816345857855780e-05
-9.106838809481879009e-06
-2.778363554894842114e-07
5.770756388585358701e-06
-4.845959993970478568e-06
-9.772808145620106104e-07
1.323800956648665548e-05
-1.026509166031752895e-05
-4.309671186104020607e-06
-3.515993617473620926e-06
7.400867402481238237e-06
1.214975922786672448e-06
3.007575330241130682e-07
-3.501180641432170620e-06
-1.197627784836025932e-06
-1.109357258415683116e-05
1.176090956460908687e-05
7.810000969833830452e-06
9.613682032117551235e-06
-1.823893555663624435e-05
-1.679402695699922318e-05
9.186042015987443333e-06
1.138891891590669671e-05
1.513565179074489477e-05
-9.919356467520301006e-06
-4.764306979182661249e-06
-1.005169224530497545e-05
3.778424358612440139e-06
6.108210264833979520e-06
-7.280402229097778237e-07
-2.288318248870923396e-06
-2.236807529709610335e-06
-7.545973960677783724e-06
3.753393338905039147e-06
7.087053981036832504e-06
1.596100964597961763e-05
-8.517102314181002341e-06
-6.804755194811075066e-06
-2.277156048174365757e-06
-8.858564556770773669e-06
1.052700486833025946e-05
6.673776142031297460e-06
4.268279691141259247e-06
-1.017857434210822343e-05
-4.193582589158535996e-06
-9.945894129476750927e-06
1.628600573019335797e-05
9.735440260705124362e-07
7.281054457464979492e-06
-9.004073893294485363e-06
7.637078553357017324e-06
-8.206497079933051052e-06
-1.575241007936570222e-06
-9.222126491715441969e-06
-5.408815126382618987e-06
1.595533299050326968e-05
2.822267096723373899e-06
2.087261504158098804e-05
-2.400795663591455658e-05
-2.925214355078270128e-06
-4.747322284054733789e-06
8.266079821162659872e-06
1.102872378146775843e-05
-1.804275826710394681e-05
6.028066245477935154e-06
8.464983887229483194e-06
-1.710676862217103898e-05
8.996337036021450094e-06
1.378335642388624468e-05
-7.460084114433661093e-06
-5.274378866996552951e-06
-2.650607036037837158e-05
4.125232853670783909e-05
-1.545873565836559157e-05
1.284537222224062947e-05
-3.487660109810537546e-05
2.169842568980887069e-05
-9.247108791258352002e-06
2.245539857834628983e-06
1.150417986831408589e-05
8.664686814688469277e-06
-4.772590712778535118e-06
-9.772504006574933306e-06
-6.081133434438104970e-07
2.560713056957490100e-07
1.124457204771802201e-06
-1.815101919821001750e-05
3.319421478804241479e-05
-1.525015915094086425e-05
2.309088207798361316e-05
-4.572838222330845759e-05
2.507668335445599377e-05
-1.395176646152513351e-05
1.856976230952178588e-05
-8.773910734117805498e-06
6.696513633019004850e-06
-1.676901609066764535e-05
1.467571567616869556e-05
-9.525254648497942622e-06
2.419521434055989635e-05
-1.710733217131306974e-05
2.043049863044487758e-06
-1.291955008015292429e-05
8.328302340135212685e-06
7.016907012463217886e-06
-3.993278613338135320e-06
-1.946519097688326550e-06
1.611135675000678520e-06
-1.688359578190176680e-05
1.561317937389019976e-05
-2.764691602025590351e-06
1.772400998971588405e-05
-1.248761319943502152e-05
-4.655732795956167016e-06
1.154605909426058919e-06
1.497587783525264728e-06
1.654558786153922746e-05
-1.500825131635356760e-05
-1.686534294646586796e-06
-1.269772065436598108e-05
1.514243890349653775e-05
-3.770426367124711173e-06
7.651354235009606442e-06
-9.441741696432037848e-06
1.987027223168252041e-06
4.581087910194504643e-06
5.089807629714405794e-06
-6.417414027063766248e-06
-5.807512465666123322e-06
-2.739063046676483448e-07
4.600156201659474716e-06
-9.327468617043543458e-06
1.177755649024460452e-05
-2.386986626379433655e-06
-3.053294576612334380e-06
1.323342090440827647e-05
-1.063939047375613001e-05
-1.584745817074111908e-06
-1.455089024253640634e-05
1.603785678937064135e-05
-1.028328271245913870e-05
2.943910534565980153e-05
-2.119689134406727243e-05
1.169804441408185051e-05
-2.337094528644113845e-05
1.386877352377372381e-05
-7.967798996688674562e-06
9.625741961460715699e-06
-2.175982319392873285e-06
8.202761388208391875e-06
-3.075240872459487250e-06
-5.054876907483788653e-06
5.164656512363813865e-06
-1.935219813565078355e-05
1.463771866618418583e-05
-6.981207690674856468e-06
1.504151276471124259e-05
-9.112091545335904152e-06
-8.910061970647005633e-07
-3.711225681616590457e-06
5.711678646433024129e-06
-9.138725144670177552e-06
2.323002379357406446e-05
-1.457192378991296682e-05
-3.858902455839742247e-06
-1.594009267943036673e-06
5.908175599040247332e-06
1.220730205070989706e-05
9.846206546034755124e-06
-1.994720212178282252e-05
1.838845826039550593e-06
-6.315638543475119297e-06
4.158817759789769751e-06
-8.479455970386578248e-06
1.377480044286350809e-05
-6.079075478126555343e-06
1.428802547305996719e-05
-9.649876100545597477e-06
-4.125213876900355210e-06
-8.830003760588616996e-06
7.375246887590446828e-06
2.401998476584496798e-06
1.132283016552792544e-05
-2.507810249770531304e-05
1.440088331387961532e-05
-1.954312871683882235e-05
5.766385952414649816e-05
-4.123392722404576997e-05
1.389513031160484813e-05
-2.671662044819626494e-05
1.589229763062910953e-05
-4.745838994025820259e-06
8.965473533135690008e-07
-6.429452033273384099e-07
9.922023051206553974e-06
-1.715066391365621573e-05
1.121815910475011321e-05
2.550189070145843942e-06
-1.453720521886352595e-06
8.407644714320753561e-07
-2.915145350927166308e-06
-3.741151530811452062e-06
7.315119044489340786e-06
-1.804522414725177892e-05
6.029891388426133466e-05
-4.466771420269673686e-05
1.251377208050782409e-05
-2.838284724226672096e-05
1.320529337463110679e-05
3.328929236820715818e-06
-1.153899118503654743e-05
1.130150091800604810e-05
-1.810439886451201781e-05
1.765311372639306441e-05
-6.900986627188167055e-07
8.087271912207660526e-06
-8.924972500614054710e-06
2.592015295714407941e-06
-2.654439961095762113e-06
7.322387331240810061e-06
-5.079056572418999047e-06
-7.759207549889553509e-06
-8.057427109720715039e-06
1.318208284160986910e-05
1.432569899639139876e-05
-6.990804570671273934e-06
-7.275549223811666348e-06
-8.407985083792917708e-07
-1.051160959575006340e-05
1.206087103594071487e-05
1.073828325709432209e-05
-1.312833742790401166e-05
3.937462774474019813e-06
-1.808330563350089859e-06
1.476004954213083235e-05
-1.339368730095036363e-05
2.428958908390750583e-05
-4.160885448505902275e-05
1.678028175114515907e-05
-2.291696593791995033e-05
3.104827757121985223e-05
-8.676661268907113816e-06
2.998442837532612010e-07
2.434530062088388036e-07
6.966784002237412466e-08
-6.724705064676234594e-06
7.388366412545750936e-06
-9.343390306677177822e-07
-9.237673036815803373e-07
8.251641400486921284e-06
-8.522577396535667974e-06
1.349762966999028835e-05
-2.694786740267813126e-05
1.610738864592317648e-05
-1.083566946134881446e-05
3.504808303608882220e-05
-2.793917205981381619e-05
1.410028283948534016e-05
-2.697983189233700612e-05
1.859019906112402954e-05
-1.038755737242019804e-05
1.498909090642322936e-05
-5.206439174677043435e-06
1.749541525705450572e-05
-6.209760096572038276e-05
4.081992080368558216e-05
-2.676573882662172074e-05
3.373625630961390391e-05
-9.005389662484473390e-06
6.173783885245258353e-06
-1.998465027653989785e-06
-2.910642534833040866e-06
-6.090165488967718099e-06
2.164846459139576376e-05
-1.542786336035333576e-05
-1.322369937506057225e-06
-9.208019491664445945e-06
1.002952817230603172e-05
-8.161860449593231109e-06
2.237184445972544334e-05
-1.457372498297220250e-05
1.233940589666129490e-05
-4.651078057778647648e-05
3.530986722178925015e-05
-1.189152630583852578e-05
3.471335732496122332e-05
-2.432393361673742448e-05
7.310520781926801884e-07
-5.027056614202966951e-06
5.425805552593222512e-06
-2.828141092352239136e-07
-1.576521439061814194e-05
1.557632170428860298e-05
-1.531253356374826660e-05
1.293212259095360941e-05
8.447748998947267752e-07
1.907231707948983082e-05
-1.029404748630987062e-05
-9.804891172660861547e-06
6.230905937109059482e-06
-4.977590318264034808e-05
4.548324024614473998e-05
-6.731035551049642392e-06
1.723794728707846814e-05
-6.003093988338115188e-06
-5.942033171807587654e-07
1.359325507394299577e-05
-1.775546535213288102e-05
8.073984627989739724e-06
-6.788941498957095452e-06
1.903872019137405611e-06
-3.747515243115213883e-06
-4.792082009594034048e-06
5.067803352814912062e-06
3.967875428738555096e-06
4.412532959174586533e-06
-6.764149636268089547e-06
-5.400625505523803580e-06
7.096080668403318430e-06
-5.359746084224647110e-07
-3.627858353734373796e-06
3.355983052120257998e-06
5.187459853633263689e-07
1.031629308397077622e-05
1.052661893823317549e-05
-2.124993093964331828e-05
-9.698515804630589480e-06
1.072806749930076847e-06
6.622460386507500419e-06
1.203205249543525435e-06
-9.663289602256122071e-06
1.034266302843384966e-05
-3.283708699191662450e-05
4.550224483961109534e-05
-1.120032654221476444e-05
2.978542664370696300e-05
-3.315094152399987036e-05
6.243720975578569664e-07
3.861135665763693655e-07
-1.016759214715501239e-06
1.584953497401020385e-06
2.210232749318903384e-06
-4.979750715960384801e-06
3.155943347344188814e-06
4.889358258352444615e-06
-1.060872009390883555e-05
7.735928470571606694e-06
-1.474746518775728035e-05
3.655078498604590612e-05
-2.229703791973714752e-05
5.969645754507056096e-06
-3.429857694709688453e-05
2.745606705425070453e-05
-3.593015085066209740e-06
3.065402672000339519e-06
-2.026150681284666919e-06
5.094457922962416336e-06
3.739474530247799915e-05
-3.921726922032345763e-05
-2.261301639141783036e-05
1.264540936206448119e-05
5.300022779229627049e-06
1.510007206581824595e-05
-5.899156304187951619e-06
-5.253806479791193034e-06
-1.550604810212783470e-05
-2.629039705452513714e-05
4.249654830332016747e-05
2.467681426110558918e-05
-1.410268817761997336e-05
-1.240906278189753549e-05
-1.064638189648137710e-05
3.375153098361547083e-05
-2.252773236656491782e-05
6.830814318320962329e-06
1.325996763857603642e-05
-2.114329095025904731e-05
-6.605790846392474799e-06
-2.825674509840152573e-06
1.114755268421211706e-05
9.794627890085070432e-06
2.170881420038615157e-06
-1.117886929321384206e-05
-2.124768433479328871e-06
-1.045723316534045085e-05
1.313274287096384592e-05
-5.673470581112042855e-07
2.653058525286199325e-05
-2.901022262525394715e-05
1.501395202962211870e-05
-2.292639203469720648e-05
1.183973556991643213e-05
-2.546931971990916736e-05
2.402347239459978664e-05
-1.393852764415134737e-06
5.828394327623878127e-06
1.390867176803572742e-05
-1.919634279871392844e-05
6.490222877957543647e-06
-8.422132747424840071e-06
-3.959046282590668775e-07
1.461275537800211060e-06
-1.305432680557328909e-05
1.328641007694635612e-05
-1.946995466569780027e-06
3.250694174524091790e-07
-8.284633259475348220e-07
-3.078391059431398859e-06
1.252269994215998375e-05
-5.472895071503911923e-06
-5.951611074047643115e-07
-7.505755066885651343e-06
4.962958330990770200e-06
9.589551422804271145e-06
-1.093044769572239491e-05
2.415312846986890575e-06
2.946533951562294875e-06
-9.300428151581373852e-06
4.386265086554481767e-06
-1.490545296689657645e-05
1.224074913993647033e-05
3.987934462491138756e-06
7.846824844514962050e-06
-1.490757374075879862e-05
8.883313638471859036e-06
-6.892548122486107489e-06
3.051101076315457499e-05
-2.569069685795369925e-05
1.758262727895646121e-05
-3.761883324103059431e-05
1.902260524815665554e-05
-1.661959125275080419e-05
2.872615339578768554e-05
-8.383714164698018688e-06
4.987242425957209412e-06
-1.041471862095442211e-05
2.552420755274356851e-06
-3.230739604666283240e-06
1.377866822494837941e-05
-9.687537945618474554e-06
4.823330886286299323e-06
-5.986263386828321703e-06
-9.625401200110727856e-07
3.449487379091359943e-06
2.567535917280433272e-06
-3.227263225391016144e-06
-1.599872233003801582e-05
-2.336618171454627564e-05
3.337915544722878567e-05
1.865734977125294383e-05
-1.784381046166875103e-06
-1.567125767580308473e-05
3.212874985014871755e-06
-2.388937005298538024e-06
4.558401639599501086e-06
5.261000934316981229e-08
-3.250842374142285827e-05
2.908331254448480571e-05
-1.096391424811736677e-06
1.429175974339610340e-05
-1.354356700098879234e-05
1.316686115102914332e-05
1.693261124798030101e-05
-3.067867563455419015e-05
-1.365684846849309886e-05
-1.502597183956724846e-05
2.839244474360334288e-05
-2.187708503455246608e-06
-1.978943472267130936e-05
2.452835637874704200e-05
1.152158661090384119e-05
-1.731622736579646631e-05
3.043189615390871038e-06
-6.236967229037200188e-06
1.427876995534148975e-05
-8.541857909598991210e-06
3.808351914592537332e-07
-2.092633794359869217e-06
2.353079432487865886e-06
-6.203156677546715335e-06
1.663493462195474322e-05
-1.038566387744644108e-05
6.751912281278420229e-06
1.483425703030070324e-06
-7.366023559243135605e-06
-1.678874953348342868e-05
1.258592444440812441e-05
3.287062529370713462e-06
2.245422164879854016e-05
-2.060797429037902057e-05
-6.188611418268726968e-07
-1.464488623707518191e-05
6.258699467004727899e-06
6.880161301786821520e-06
4.427062145647588601e-06
-7.787838507316811740e-06
4.681637217315264818e-06
-7.689214585255613234e-06
1.427135511930385591e-05
-6.763214552320289579e-06
2.977124158225034646e-06
-2.892909478580227463e-06
1.124169756067865288e-06
4.259980928992278913e-06
-7.046852507870317051e-06
7.160450302897166943e-07
-3.217260080430499119e-06
1.726075652230892353e-06
2.891689949293667648e-06
8.854454335151789722e-07
7.696822755142759996e-06
-8.603161337630061114e-06
-9.171331173765918607e-06
1.130588901361782445e-05
-1.214756652152353789e-06
8.551193024419730733e-06
-1.691264577514436766e-05
7.401283558287811255e-06
-2.120895335797926223e-06
7.941257609125397678e-06
-7.319033644913409205e-06
-9.380595411596513635e-07
-1.891557976156010769e-05
2.207360372584940013e-05
4.236177853227622711e-05
-6.299541357242591493e-06
-3.629149274157251505e-05
-6.107547805934965528e-05
1.931839361117933571e-05
3.981175421129856022e-05
3.615616207883331633e-05
-1.001919880623756378e-05
-2.512242950945195181e-05
-2.201731809562730178e-05
4.725337146577691038e-06
1.704466031525297802e-05
1.997957335336410760e-05
-6.262155015846589871e-06
-1.145954873829306886e-05
-2.081589205359610104e-05
1.703352416621571245e-07
1.676833684884920122e-05
2.245605674117614952e-05
4.683002575112163695e-06
-2.426899583293506019e-05
-2.268088807433157837e-05
1.241887923508263227e-05
6.365870620110686929e-06
2.662811362323423090e-06
-2.742820428386843557e-06
9.263553248475334925e-06
3.346783021484868773e-06
2.441914243725265066e-05
-3.261971829514900790e-05
3.708777070966059718e-06
-2.067193398434486677e-05
1.763858489756241690e-05
-4.278372585686421141e-05
