-5.640810800774776439e-06
5.103263260299265255e-06
-7.168759483279341687e-07
-3.413959202521552778e-06
5.202464280636531470e-06
-4.826377278213286730e-07
1.315065827683552515e-05
-2.306169262855992916e-05
7.277605876550059099e-06
-1.040630831235120980e-05
3.036396580975877138e-05
-1.609341791779702458e-05
8.219564896827489961e-06
-1.162060567860186076e-05
5.416991234206636380e-06
-6.096898687384042219e-06
3.190843999664294117e-06
-2.463762952260552730e-08
1.785517167524554174e-06
-4.794069037442019691e-06
1.852253661041690510e-06
1.053872788682023297e-05
-1.068930835542942221e-05
-4.484027956707441019e-07
-1.112655041607536141e-05
2.165992751102379261e-05
-7.512114171344099817e-06
3.418693689536365254e-06
-6.165761057414211803e-06
2.377014819959869527e-06
3.009004598344553800e-06
-8.465341999458193649e-07
-1.280971586834980672e-06
-8.546993246199745544e-06
9.367971395759071567e-06
5.620823323730620596e-07
3.488636426419419100e-07
-3.385325080123856479e-06
-5.052899473236031273e-07
-1.473336988490112941e-05
3.352307884292636628e-05
-1.235212855393631657e-05
8.649376056877786282e-06
-2.355128724107462352e-05
1.311769554525414549e-05
-9.451777622646455763e-07
-2.108647853277284990e-07
-1.295943076879453700e-06
5.565626339553273090e-06
-9.213507643032256550e-06
1.439133229968562333e-06
1.185845094791871490e-05
-7.811032012100400427e-06
-1.234178120001448652e-06
-2.850543972585707099e-05
1.893967849105019784e-05
8.655146930679074072e-06
2.348027884509884845e-05
-1.777360183669339034e-05
-7.166760866666163313e-06
-1.783678422844977112e-05
1.744207155517368208e-05
1.076033778774365012e-06
1.589369439853427385e-05
-2.101200832577352338e-05
1.913452722649262400e-06
-1.104699314265287115e-05
5.738098787663123570e-06
6.734353152395553110e-06
8.227379297541340412e-06
-1.314310965127738631e-05
4.947438767996279276e-06
8.052202003665229527e-07
8.515911857894661809e-06
-7.415534659811142497e-06
-3.645348242760166268e-06
2.746041753842669666e-06
9.138923557296140166e-07
2.763154721691480048e-06
-3.180712363964684924e-06
1.523725970383113312e-06
-3.738334798600600231e-07
-6.518659931653197472e-06
5.798286444498633460e-06
1.245457951437463183e-05
-9.566793314970921391e-06
-1.742574703177976954e-06
-6.444263238661667538e-06
1.822100171937681330e-06
8.023652734106232123e-07
4.159290476551919789e-06
-1.390926950307840813e-06
-3.640602944274151545e-08
4.343624848480105624e-06
-1.582824302536045745e-05
7.625219710668108239e-06
5.069745760408059720e-06
-3.974095117532778389e-06
-2.259018968937026045e-06
1.035080166671805606e-05
-7.317809294613813112e-06
-7.396988499636992882e-07
-2.097675000328258000e-05
1.487468749957535617e-05
5.337553530289003546e-06
1.408501029240767812e-05
-1.218489400477562539e-05
-2.644541386288337467e-06
-1.460592375946679784e-05
5.096468139435507893e-06
8.187428677624303416e-06
9.112984165041976286e-06
2.861539974896599619e-06
-1.261596227313084779e-05
-5.092386024771865401e-06
-3.647081479405712301e-06
1.359270865465827139e-05
-5.966611827836747843e-06
1.657512212192843113e-05
-1.314656185853463192e-05
-2.330468692463888078e-06
-1.498709026535295078e-05
1.856968070485670325e-05
3.495106507276619569e-06
-2.341978763694882031e-07
-1.061414622358896934e-05
5.190587261691196848e-07
-5.718865241140740465e-06
9.393925987236256440e-06
8.140806523273534147e-06
-4.199524595696298087e-06
-6.981415114289093364e-06
3.330969135013393616e-06
-6.633031139357372776e-06
3.778947802521536305e-06
5.010521760178687405e-06
-1.479099547870596494e-05
7.335766132563883062e-06
-6.280165614671866128e-06
1.756830972938645458e-05
-9.230301038252210956e-06
4.425220468054717190e-06
-5.392721113607688421e-06
-1.157804975535741668e-06
-9.433914692875040875e-06
1.075508230577248243e-05
2.326141344171929584e-06
9.356154589534017649e-06
-1.236332211716528105e-05
2.309305097054026540e-06
7.659822703749007307e-06
1.897684923685918917e-06
-7.460976616498774607e-06
-3.525493479168209010e-06
1.200631256585790068e-07
4.366242715395594729e-06
5.734678733073682715e-07
-7.220899366424811802e-06
4.125387607859844286e-06
-4.790325461977595916e-06
1.755272767427338741e-05
-6.641590048185769120e-06
6.474636791364799269e-06
-8.036771257601253731e-06
8.444476613585929931e-07
7.174753085154782852e-06
-7.350660936142489947e-06
-4.869942310420036981e-06
-2.104787609864329189e-05
1.801784587958394428e-05
1.998625777399806782e-06
8.079093695687501883e-06
-1.342812916854630931e-05
5.608025702549065164e-06
1.020371574043248841e-05
-6.785686023071127801e-06
-6.658155478674639415e-06
-1.371651001383531477e-05
1.286487987726198646e-05
1.719907649501619206e-06
-1.034048534400208510e-05
1.200624508859833518e-05
-3.439637849087252481e-06
5.120544470604153972e-06
-6.502892263782010908e-06
3.239289232217124572e-06
3.310059880621321560e-06
-4.552487791674311393e-06
-4.053514626393030630e-07
-7.696537813598120216e-06
9.672272633677974339e-06
-9.984962326734417412e-07
3.452905699011077532e-06
-3.988928805499472702e-06
2.211884821731165453e-06
-1.564037048105397650e-05
4.331523856444754219e-06
7.461059073732040284e-06
2.603219803594772160e-05
-1.208269712963797126e-05
-1.041552984054815598e-05
-2.299106612677130580e-05
-3.266426513883917537e-06
1.989116775317794600e-05
1.184115434136780001e-05
2.287684046778825354e-05
-2.814404905645677977e-05
-7.201982188732812258e-07
-2.123995067399643520e-05
1.840160559407712562e-05
1.562675087046658208e-06
1.210019109250615733e-05
-1.556297579530489743e-05
6.623275961159455765e-06
-2.109760738733814660e-05
1.638648208697266251e-05
6.764511335757086863e-07
1.263902824873071035e-05
-1.410367807751396535e-05
5.328624049467609193e-06
-9.119630346072263419e-06
6.644598591291012945e-06
4.038087968515988659e-07
7.596340152780431145e-06
-6.087789482441905705e-06
-1.174870881148263741e-05
1.223952153056555399e-05
3.017980068591836172e-06
4.062661620680741094e-06
-8.567921577615104716e-06
3.071725902393072311e-06
-5.871585614195819136e-06
1.238872867623819828e-05
-1.091827948473589444e-05
7.599307339106871703e-07
-1.229250072881000208e-05
1.066285072718994089e-05
-2.147770549834738900e-07
1.160175213264815473e-05
-4.251028050934611432e-06
1.155147251457826462e-05
-2.181501410385665307e-05
6.729136152581369044e-06
-1.233810688377150827e-05
1.508474833252925600e-05
-2.614531117411749732e-06
2.596333490263934795e-06
-1.166216924400649901e-05
5.576658500605665960e-06
-5.710996467491797528e-06
1.173414665855912356e-05
-5.296922220641566239e-06
7.794203718600969022e-06
-4.138951204775068301e-07
-4.699466333480620278e-06
-8.081378831635368951e-07
-7.695873203145896948e-06
4.134621964414437795e-06
-3.913826698982830732e-06
9.290188984951125954e-06
-4.239439110742820165e-06
-2.720740646824436977e-06
4.202867643167241223e-06
3.110633223711541815e-07
3.283187570693796832e-06
-9.904070190920091484e-06
6.467712026636934188e-06
9.751922864532596214e-06
1.745703781855894314e-06
-9.958000584980287952e-06
-2.996963043901787509e-05
2.225015733068610942e-05
9.073117395488457747e-06
2.789275755580283421e-05
-1.749464943722289063e-05
-1.158367237531298630e-05
-7.204514746051078768e-06
7.581633059724990039e-06
3.095211760574671957e-06
8.037364755719470272e-06
-1.048264344952363892e-05
2.446840295559185076e-06
-1.161590155295150827e-05
1.697577035085270762e-05
-5.893617230944583852e-06
7.074656591277865748e-06
-7.074097841547140786e-07
-2.390765683426455013e-06
6.043827844295560550e-06
-1.499275230794868087e-05
6.717689847561638097e-06
1.197302551820003276e-05
-5.361238728031648011e-06
-1.873000043372183683e-06
-1.194917163991651508e-05
5.645224068016544487e-06
-2.086954408685532867e-08
-2.204980567950494614e-06
1.144653726784824949e-05
-4.269012989916482574e-06
7.053718933772635372e-06
-2.119786556360862839e-05
1.393732153249603787e-05
-3.818258624905558878e-06
2.383155699424746013e-05
-1.840258904156766301e-05
7.392973190621425440e-07
-1.866482114352776308e-05
1.800980076665319491e-05
-9.457303161569520383e-06
2.632864505442730860e-05
-1.650518329980790727e-05
1.224879481649269723e-05
-3.922816162002066849e-05
2.364554152051959613e-05
-2.032193510248909784e-05
3.882636504990513048e-05
-1.645398904012548071e-05
3.539660912273667715e-06
-1.282495809611230012e-05
8.352194016642687676e-06
5.641264637571444886e-06
-4.051623436369178658e-06
-4.245873804747553722e-06
6.241883982620732033e-07
5.070937035466870798e-06
-2.991461018387784297e-06
8.674083816360914220e-07
-1.172829049221946521e-05
1.672535038932022961e-05
4.880353337018417386e-06
1.360153741950453901e-05
-1.861260941291289161e-05
-7.046689005014932815e-06
-8.070665225793669060e-06
7.682257400810456121e-06
-4.354245080433905978e-06
1.865409266872426137e-05
-1.152282894406179020e-05
4.130772220830757139e-06
-8.889719020582284914e-06
4.977415055624321793e-06
-3.378233533966925055e-07
1.314370919810359187e-05
-1.101553966799114950e-05
-2.726568565369306019e-06
-5.367425772177254723e-06
7.877495389426189358e-06
-1.039134552439199193e-06
-3.593798038235125424e-07
-9.650350271535494749e-08
-5.423786698621152431e-06
1.189379884381364173e-05
-4.895126212984606077e-06
4.447886406445008491e-06
-8.873551483417044638e-06
3.861477925298142544e-06
1.962442031593630916e-06
-1.248834229081117997e-06
1.470233084357977373e-06
1.711141992153694427e-06
3.154581565634905597e-06
-6.107405420992443023e-06
-1.319089971955252354e-05
1.315771663769868226e-06
1.335543752574608158e-05
2.639668126045141883e-05
-1.078808140039452123e-05
-1.692855459364362724e-05
-2.145487808836448962e-05
8.326855271470881613e-06
1.653740445303893917e-05
-1.167035514886050038e-05
2.033854032099260308e-05
-1.418193887377766136e-05
1.474830619472909136e-06
2.821062593293076066e-06
-1.336906187904745918e-06
1.162162737942225708e-05
-1.829262938817547842e-05
5.913124475906011990e-06
-1.251331926411910438e-05
1.334697465553253166e-05
-3.598936910056652766e-06
-3.349310620795392993e-06
5.625867487548726691e-06
-5.320536327423438003e-06
-1.056281723958535087e-05
1.172846545702056424e-05
-5.351560954576722881e-06
8.209194769815968099e-06
-8.770818097951228856e-06
7.733915579844218734e-06
9.836813341488775703e-06
-2.330624071019955527e-05
9.399900848548810536e-06
-1.306991661639356892e-05
2.786977531765797572e-05
-1.459660813626664429e-05
1.524673174317895150e-06
-1.822075915520487722e-05
1.645179366180957414e-05
1.937435760540773350e-06
1.407009910047678626e-05
-1.567489683524756836e-05
6.599190264263395594e-06
-1.927291993297567993e-05
1.179406213651480985e-05
-2.164728805616294808e-07
1.662552472079509478e-05
-1.479702240497995816e-05
9.783458794440719539e-06
-2.104827082237074035e-05
9.524108087835054430e-06
-5.596528248689815683e-06
1.757189612112653070e-05
-1.325936896578015760e-05
-6.765719330842675705e-06
-2.858729933490804240e-06
8.882775284029250187e-06
-3.118093768349765421e-06
9.611090177325510127e-06
-7.864520105428134735e-06
1.065223858964267731e-07
-7.770349927028029498e-06
1.690870295352506854e-06
-2.551571054067956271e-06
8.044667254784787291e-07
3.831422732324337542e-06
6.912997608086660293e-06
2.543467943259830480e-06
3.751196318204231672e-07
-1.541484420532669589e-06
-7.172471513139315577e-06
4.789774743869261462e-06
-5.302349274386527236e-06
8.372603048987435582e-06
-3.453594377177741069e-06
3.570926137405885725e-06
-9.322781873903456052e-06
4.301297499653714766e-06
-9.837280057997653830e-07
3.877443592555095502e-06
-2.836893523628799364e-06
-7.865099502937441411e-07
5.423084985419227804e-06
-4.793564402266664161e-06
2.016495467624338514e-06
-8.975685770789455182e-06
7.900329822499468601e-06
-4.016595758378158572e-06
7.847413303984994399e-06
-3.989028482547315453e-06
-1.457736060742331267e-05
2.366655965853875076e-05
-1.213314754796408838e-05
1.281856186761713320e-05
-2.376575440246065372e-05
1.323960553280852132e-05
6.644715751248247732e-07
1.145720814170808816e-05
-1.659378917387417343e-05
-9.917243811650329341e-06
-3.989036958757298138e-06
2.030919223265165302e-05
1.395480626660209247e-05
-8.481680418944483610e-07
-1.711864493693688815e-05
1.919594867249133400e-05
-2.849913103262451521e-05
1.698973215184774064e-05
-4.413745366719849480e-06
4.599326389361739888e-06
-6.012693412501770749e-06
-1.306654839407424939e-05
1.381141641200729322e-05
-2.115164808296705391e-07
8.318931704841462760e-06
-2.907051065513787660e-07
-4.719881915851413008e-06
-9.246996869121069929e-06
6.615451533985117811e-06
5.700199904221705518e-06
1.907134194116657182e-05
-2.505761893958105593e-05
8.138041485504717584e-06
-1.291054971932470069e-05
2.966936167377876574e-05
-1.900878830696356154e-05
5.827795591660555382e-06
-1.956139336457807086e-06
-9.165098797181831196e-07
-9.118001076198601988e-06
3.557479093707007921e-06
1.471843052340015261e-06
1.419011197421775133e-05
-8.744190447566757194e-06
-2.892833287426350443e-06
-7.832953322151472452e-06
-1.008795839353949050e-05
1.664352247631364082e-05
-7.568756833291745112e-06
1.636130294330429377e-05
-8.091834407807862070e-06
-5.989434780537718697e-06
-1.188882254777575358e-06
6.335471441040401571e-06
-2.458498016217272687e-06
4.653438509691358485e-06
-1.065017955850935212e-06
8.060157394778118091e-06
-1.386258914495414583e-05
7.547333897040588304e-06
3.630629377424360717e-06
-7.995069746970596481e-07
-3.699020989706298720e-06
6.183807410126835955e-06
-1.060143789831380865e-05
6.660436439246702101e-06
4.116692875314103956e-06
3.795787497507326999e-06
-5.848272913125269267e-06
-5.268975035544434706e-06
2.362727538081925871e-07
2.318010137239025402e-06
-1.622931740989971134e-07
-1.733889051841025600e-06
-8.313454711027894319e-06
-3.374344929636717907e-06
7.646917871700446834e-06
3.557954406564348468e-06
3.433779201459075228e-06
-4.051706752715937267e-06
-3.839479229907047961e-08
-3.004054543698766314e-06
1.053474903499041096e-05
-4.872204911250085888e-06
-2.912538278219650685e-06
-3.689677711164529106e-06
6.113723152751884605e-06
-1.688458582935992488e-06
3.221349954115431660e-06
-8.260752191485556202e-07
3.888779094420859028e-06
1.987425241774726613e-06
-6.073242441729843232e-06
5.100023888992972197e-06
-9.441195423129154250e-06
3.177658276648119469e-06
1.559562797641364268e-05
-2.873540126999662620e-05
1.683790457485272759e-05
-8.714545224662049314e-06
1.771961581251161458e-05
-1.116589004304745638e-05
6.700607081911813621e-06
-1.696637499001482901e-05
1.334561508797171615e-05
2.058926771273056014e-06
5.279316180942611551e-06
-1.282638236925675985e-05
-1.260462529024432965e-05
9.205455292563125528e-06
4.930660788302456540e-06
-1.333455109928447765e-05
8.064489359373338748e-06
-4.720275768115396930e-07
-1.070484682444632623e-05
3.865824916473801760e-05
-1.983624987549213514e-05
2.533825323722312947e-05
-5.036450682242554755e-05
2.153625354849652098e-05
-7.568472293132729866e-06
1.173794509990172682e-05
-5.267818239101537626e-06
-5.919044752567325854e-06
7.441908188825673645e-06
-5.134491100041840080e-06
-1.978274780019648379e-06
2.082914182965827100e-05
-1.092957685531126337e-05
3.185360715855066138e-06
-2.694840721550147887e-05
1.621853028744418078e-05
7.748447556304943228e-06
-5.456258061691448218e-06
-1.968904787564725769e-06
-6.847839498792177213e-06
5.476683297483752677e-06
2.821719596663001865e-06
2.704921190765269842e-07
-4.030038016545424212e-06
3.023381155926361890e-06
-1.962554967841364893e-06
1.788940122713756460e-05
-1.543255146913230600e-05
8.686249085832906997e-06
-2.424149449501806038e-05
1.552149084680707375e-05
-5.671743685358158793e-06
2.590333627041562582e-05
-2.051903745047283886e-05
9.609613910186228799e-06
-2.064562245705275554e-05
9.731602701499384030e-06
-5.505839446992148348e-06
1.137464263004716974e-05
-6.441851110897437336e-06
-1.805495714660537711e-07
-4.732803909158742782e-07
2.723368621874970252e-06
-3.882897338146062361e-06
8.244347865717408406e-06
-6.110557443883761448e-06
1.284919100553838010e-06
-1.333906483578238520e-05
1.159345191493670822e-05
4.668153755103463914e-06
4.252943464169459619e-06
-5.546635220595567328e-06
-4.792989478000278514e-06
-3.687847341221804227e-06
1.309195737776519352e-05
3.719381423443264594e-06
-3.146665929984206811e-06
-8.864068119819320195e-06
-7.648236118374732287e-06
8.113085615276885223e-06
1.754879535689470322e-06
7.828893043802279096e-06
-8.786636530136212244e-06
-3.159081448166495761e-07
4.247183402040236928e-06
-3.311611951440532124e-06
-9.179111913358152888e-08
6.065234674507566881e-06
-8.657574759217076272e-06
1.577799816836297362e-06
-3.001221002732433531e-06
-1.419212978717863140e-06
5.348427650139871862e-06
-4.171007034703223971e-06
6.404003210082193121e-06
-1.899914382024313324e-06
-3.417378182260640020e-06
4.463890032974299642e-06
-5.753414134920961633e-06
1.316401580655983842e-06
-2.144143942126498323e-06
3.683827523236000519e-06
-5.177612517461323548e-06
7.352616668644327403e-06
-5.024392491695070674e-06
1.163128333438113500e-06
-8.500947405160765279e-06
8.787822283327019517e-06
1.057312523886191606e-05
-3.358757390283003180e-06
-4.793237099137919957e-06
8.802484917204780619e-06
-2.373250743662467374e-05
1.280923640068369536e-05
1.734426415631606918e-06
-2.457066089008651878e-06
-2.116953036304762999e-06
-1.657518115258928374e-05
2.001340441035539915e-05
-1.418257911032634421e-06
1.003233131850701440e-05
-9.261290628678358244e-06
5.667078735633286689e-07
3.345838943194581817e-06
1.320665118468681250e-05
-1.274350598331199129e-05
-2.595399820333107931e-06
-1.381830787567412154e-05
1.031642595923046397e-05
-1.269903858164022558e-06
5.094161917243561884e-06
1.465990614588935302e-07
-2.760773603083076103e-06
1.897074969429182441e-05
-1.297909346633761439e-05
1.096368347702819502e-05
-3.197598565936198874e-05
1.861256338284068850e-05
-1.411907949124286752e-05
2.840290806635480328e-05
-1.439794737558812912e-05
3.537232287023846209e-06
-1.131857615239104063e-05
6.582452010874228061e-06
2.287235689491636628e-06
1.571175669213523314e-05
-1.604134345140364361e-05
9.100043049052189829e-06
-3.097274956603886394e-05
2.121944038604920270e-05
-1.055256303170319640e-05
2.243703340312915199e-05
-1.080418551488280358e-05
2.663393104997400101e-06
-5.017129761695371341e-06
2.867898393058757503e-06
-2.123947782823442244e-07
-6.061662967251946503e-06
4.597794977519455807e-06
2.449788459103423984e-06
1.703346959322309638e-07
-7.173592630596567813e-07
-4.251566526619702854e-06
6.189085977917488320e-06
-3.262670273315996828e-06
-9.613519651297137224e-07
2.518189408910219483e-06
-2.444356868520209175e-06
8.086674846878438844e-06
-5.898206542752409132e-06
-3.542145862548236214e-06
-1.909673408441307343e-06
6.680025763921519289e-07
4.682666242360316184e-06
8.158608243219715744e-06
-1.249811401499417871e-05
3.282764781233395032e-06
-4.019073601481131273e-06
6.366154000548543755e-06
-1.858188710784759268e-06
-1.888386761969111717e-06
-6.008226418179819415e-07
1.343242338544306085e-06
-1.258889570517905076e-05
1.937566495568674878e-05
-5.676219031038689150e-06
1.117697601371164999e-05
-1.343490853314144036e-05
1.655582694267990197e-06
-1.718316252555240480e-06
2.115502036724108652e-06
1.568469775124990345e-06
-4.060156391622034308e-06
9.031721553023672037e-06
-4.314505391814691234e-06
3.604837053661672739e-06
-6.644179641748257050e-06
2.686923974025084448e-06
4.337156383891495846e-06
-1.719068458377484381e-06
-2.316062190262086398e-06
-6.317088687477963947e-06
1.101135334357030134e-05
-5.086826247897479021e-06
-5.826370328803689178e-06
-1.254858923329235578e-06
4.265130787100436104e-06
1.504342877647342114e-05
-7.500307624360518103e-06
-6.135039511030276759e-06
-7.847300852021895317e-06
1.745585979435801761e-06
1.171155974147253956e-05
1.497776133059519321e-06
1.560032837327341023e-05
-2.094799013478734594e-05
-7.443994135550173111e-06
-2.573414392257386535e-06
1.054151908960510752e-05
-3.407703559002713358e-06
-6.047664472019954833e-06
1.017660906789915180e-05
-5.621099109819013844e-07
1.474834774494757181e-05
-1.171238587237196380e-05
-3.127570914092824303e-06
-1.048061602610301401e-05
1.010363077840570567e-05
1.349991847722040911e-06
-6.354420691530372517e-06
1.710307595039371869e-06
1.120807639239341654e-06
7.946843790722838129e-06
-6.919573879974652440e-06
-6.226952937339800512e-07
-6.805881567904027333e-06
6.744161327662307506e-06
4.298616848004377508e-07
3.664414604946268839e-06
-3.610152588980358615e-06
3.647764084112557748e-06
-1.490426963296788986e-05
1.180065736145249534e-05
-4.561212480121440816e-06
1.509316294082432527e-05
-9.967685823575076300e-06
-4.968099703276505653e-08
-3.116207181749975274e-06
3.266394742056350943e-06
4.603934442176780309e-06
-5.914135208512197089e-06
5.010595708887974320e-07
-7.750780742594217537e-06
1.612512976486698562e-05
-8.134395350396562047e-06
6.262424259844422790e-06
-1.048599119939919393e-05
2.750403568242901293e-06
-7.924203226002604554e-06
6.132090721758147667e-06
3.628573647043781532e-06
1.040947854192798559e-05
-1.206564327020019940e-05
1.760307912059248063e-06
-1.198696673673044754e-05
8.045019363561357629e-06
4.365377482449852431e-06
3.470762949509595391e-06
-2.597226151047455852e-07
-4.252541995806307946e-06
-6.633680149556129221e-06
9.292037567335949087e-06
-2.845630687338970253e-06
3.971808387409282786e-06
-5.091657984689051925e-06
1.843667523155139860e-06
-5.295308999231061346e-06
8.226234951051980245e-06
-3.646657353866795865e-06
1.684515695693120199e-05
-2.294643418540598547e-05
6.477254059217361481e-06
-1.661714616796081570e-05
1.943172418449968451e-05
-3.968734741858652898e-06
7.686205146951347619e-06
-1.158213092625404571e-05
3.452511879665584914e-06
-5.334746748414914534e-06
7.485469687274391660e-06
-2.423956629351821179e-06
4.007520378774261994e-06
-1.685055009562457329e-06
-2.933726207768543756e-06
-5.966573979116116701e-06
2.479117127828843432e-06
5.878152324445717376e-06
6.652703935611903630e-06
-8.543935608190774740e-06
5.995623013838529769e-07
5.977141642908297980e-06
-4.488085215569069460e-06
2.063531160941243527e-06
-1.213762374174517648e-05
6.662110929391509923e-06
2.357057030786988513e-07
6.455979515392961472e-06
-1.594075255856598739e-06
-4.460117818291541035e-06
-3.298114380119495481e-06
-2.309350329185221533e-06
7.508347028572090806e-06
4.067511775017106318e-06
-2.235321483604285706e-06
-3.715318947804074868e-06
-4.067486746573892360e-06
1.508649546863518447e-05
-1.029870480711898392e-05
1.158203846911629839e-05
-2.176931880598368860e-05
1.087492833447642758e-05
-5.402007828894015462e-06
7.253912307390294128e-06
-4.274577263695751079e-06
5.844777475496934811e-06
1.680063577133691792e-06
-2.232606802278920669e-06
-7.628802244341435388e-07
2.156939118857268778e-06
-3.327354381435841766e-06
-3.105412139180312181e-06
2.556214251015200330e-06
5.720727911611569911e-07
-3.987502051028016323e-07
-3.469574084923914955e-06
1.971222558133375244e-06
-7.122084635191223853e-07
-3.677566906342243842e-06
6.259227233868551118e-06
-2.904938910510189366e-06
1.661315938645230403e-05
-1.686871710217934943e-05
9.835290076521830408e-06
-1.668987143709155718e-05
9.830649312555968391e-06
-1.122036954734766122e-05
1.433462327394078677e-05
-5.622727042648678180e-06
1.122995339220712620e-05
-1.621835422727032177e-05
6.122923288610813299e-06
-8.925213638917617296e-06
9.178750390328886731e-06
1.369342181393953517e-06
6.720049535020230369e-06
2.467092546730375674e-07
-8.208532152921709074e-06
-6.342046201943194691e-06
3.277426581888830554e-06
2.516433747249801744e-06
1.416133993231198326e-06
5.896692066784358895e-06
-7.890960012123958742e-06
3.609139397780974085e-06
-1.170252005425073899e-05
8.430733940781387365e-06
2.377717938618307552e-06
5.159351204290366831e-06
-6.897330483974299383e-06
1.217295402201503445e-06
-1.347171733707512654e-05
1.104902063078448220e-05
6.899440359186213349e-07
9.320473959772259461e-06
-8.623843281737579461e-06
-1.120943948173360862e-05
8.610738955130254561e-06
1.555530790066516505e-06
1.686970726772331428e-05
-1.779970205791037255e-05
2.164148965851652470e-06
-1.174639198839005448e-05
1.232659228638806818e-05
-1.655727361297769271e-06
7.581147508573770060e-06
-1.566490455952980625e-06
-3.620571343270461460e-06
-4.206423877241328346e-06
-9.822558239583013210e-06
1.206844278278377982e-05
5.563691182058572512e-06
5.921255596835585115e-06
-1.068377865153368650e-05
-8.157863676943465333e-06
6.244626837328957257e-06
4.772317306024724808e-07
-1.358766838194353193e-06
-6.439665626467407154e-07
2.317735176712518581e-06
7.580894585446800422e-06
-4.460103316407173436e-06
-2.878399314559720317e-06
-2.231019297731625045e-07
-8.896625810200699274e-06
1.090576826679993423e-05
-7.524823365518812222e-06
2.160160257732106055e-05
-1.693537519834767115e-05
3.080831351136994149e-06
-7.307856664673250031e-06
7.124711947058969566e-06
8.579621442495472395e-06
-1.270219527145454711e-05
3.099872364883832164e-06
-1.579346664299619924e-05
2.756656515841048792e-05
-1.133499613230182817e-05
1.433436965949652868e-05
-2.195464079577818156e-05
6.927942103815200743e-06
-1.650839284285483610e-05
1.430228506786907655e-05
3.205916094287065629e-08
1.248875875541536311e-05
-1.554009051347177901e-05
6.518232135831859104e-06
-6.782088544253779319e-06
8.079586348662655615e-06
-4.668796230535280109e-06
9.403501674386458551e-07
-5.541113949497246321e-07
2.884680366141109572e-06
5.595461975567301021e-06
-9.954696324342393973e-06
3.543251236393173375e-06
4.663609663210090982e-06
-1.005407926043443870e-05
6.648534004041152312e-06
-1.019453650754125823e-05
1.364360906657437111e-05
-3.629582550336730708e-06
1.000849197952813584e-05
-1.429977868588091717e-05
4.303259810570983699e-06
-1.021601674245991354e-05
1.606756525186583577e-05
-6.525823001850346705e-06
4.545399570346568248e-06
-6.360564948246521358e-06
2.333978611092892022e-06
-4.367399343334804223e-07
-1.463076071662924974e-06
1.532485787205273720e-06
-9.236546215523897536e-07
-2.352241580274767495e-06
3.207270153730164660e-06
5.177278936556579632e-06
-4.196765489961049359e-06
-1.062218641202537369e-07
-3.437878903667556792e-06
5.419716980363565326e-06
-2.912852832226261654e-06
-3.085317183603860900e-06
-5.371508318274264234e-06
8.712253694230012171e-06
-3.160256102594051574e-06
1.465109958546034026e-05
-1.101879443026213952e-05
2.379595517240367400e-06
-8.526823943383375973e-06
5.399527847757585886e-06
8.020292273977179057e-06
-1.040233488192513799e-05
3.155725334448903233e-06
-1.174835973971455254e-05
1.471365293414052445e-05
-2.626080490320860631e-06
5.500025234936805436e-06
-5.987190650134506081e-06
-5.011998097181695998e-07
-2.563755043545619232e-06
3.733437835601145040e-06
3.471714833385004491e-07
2.370601108318380211e-06
5.507553037529745634e-06
-8.939831871969939584e-06
-1.777789593762925109e-06
-6.738582705845042842e-06
9.282577484267116844e-06
3.244583819327893326e-06
-2.892513685716887425e-06
-7.472694447590505120e-08
6.309975153568228360e-06
-3.635207659630270741e-06
-2.610437465783760734e-06
-1.008648426890664036e-05
5.667463105628369534e-06
3.790069307109079292e-06
1.533304442868105112e-05
-1.653794871339217253e-05
-9.867989188146781030e-07
-5.953450049850426382e-06
5.218867901887588509e-06
3.982254632571714776e-06
-4.448762022968990614e-06
5.441354877112573868e-06
-3.570610126524137055e-06
-1.145893312645396369e-05
1.615972219687685115e-05
-3.961431491962585902e-06
1.606695136307632226e-05
-3.034279856038673672e-05
1.203548008869079601e-05
-7.064600616851017173e-06
1.243906546288127798e-05
-2.232178422688538115e-06
4.816199777189062074e-06
-4.549074982617255226e-06
-2.046460789072961485e-07
5.260299030170773206e-07
8.405156473168645513e-06
-9.281452520604097672e-06
-1.807520640078965038e-06
-3.697280019226563308e-06
6.804878513019241350e-06
-1.151218913301621215e-06
3.005262288894630528e-06
-5.981819774796852174e-06
1.201058895051051203e-06
-1.786899674123563553e-06
1.087628561030774534e-06
-1.381304334366141831e-05
2.579075576736714791e-05
-1.207511916352684684e-05
1.390356732437290521e-05
-1.863915993050475827e-05
4.106124085580507651e-06
-1.028728141918733256e-05
1.253693686535357229e-05
-2.658368792371970402e-06
1.236702887208823124e-05
-1.530642078242026546e-05
4.359205562041149043e-06
-2.385121053917342049e-06
3.467465577488392642e-06
-1.304497683984815695e-06
-1.923713432815377123e-06
3.476222653632790122e-06
-1.646197122440948358e-06
3.913070931448082515e-06
-2.142497049382714066e-06
-1.304346958441854134e-06
-1.186903593609496691e-05
9.509640471143442840e-06
5.699847008640065629e-07
1.043564732284373546e-05
-1.211183867741084934e-05
4.584715064866704364e-06
-2.691849027293566238e-06
1.036115794351022090e-05
-8.753547765485719683e-06
1.619935212529159040e-06
-8.461689282185618481e-06
6.588969433570755695e-06
-4.152929582739085828e-07
8.300106211943593149e-07
6.602045056177567249e-08
-6.110457050536763968e-06
1.400060976102186826e-05
-8.373373571201524497e-06
9.982384466482130839e-06
-1.261816580540970909e-05
1.789754121143878832e-06
-4.005995922612007227e-06
2.826231450843145584e-07
4.580826034217276270e-06
2.104373095293507974e-06
-3.432296277780221626e-06
-2.863946974490986196e-07
-1.543499882354973634e-06
-9.465203021619648938e-07
4.031712571057511682e-06
-3.249902687595260990e-07
5.892959576403961083e-06
-6.758088606713876932e-06
-8.440310582961537355e-07
-1.226495386638885634e-06
1.586033452754890530e-06
-7.411365470610264570e-06
4.598748894748917125e-06
3.201145053658590559e-06
8.864268149322648786e-06
-5.136448952858640028e-06
-2.704133106593242076e-06
-1.310484803681814537e-05
1.084625198394575105e-05
2.574535985102180196e-07
3.972200092040526897e-06
5.259180820090889882e-06
-8.084686269453603851e-06
4.858491255375344317e-06
-8.656522401926053804e-06
4.886110944083628833e-06
4.647792710929733665e-07
-1.109590884222606931e-06
3.487877166208503577e-06
-4.607298691601835900e-06
2.216412675452413336e-05
-2.099007104064224154e-05
2.709739051781309082e-06
-1.881182126440693759e-05
1.737112045557497844e-05
-2.327658392106674922e-06
8.496646300812629775e-06
-8.798389321827776525e-06
8.146770644238771281e-06
-2.743857137859089220e-05
2.039323681990669508e-05
-7.275531141333445786e-06
2.285216251639418913e-05
-1.875606631521536805e-05
-2.690585880902744995e-06
6.987867232068371840e-07
1.005694953502383892e-05
-9.738213906161014652e-07
7.670099700875616732e-06
-1.411342716361239276e-05
2.115985875583615455e-05
-4.750837968864903802e-05
3.087990154399627670e-05
-1.911483905348597883e-05
3.069402992188823091e-05
-1.296505691141917950e-05
1.536126257318449253e-05
-2.075485142929301411e-05
6.489656944699208311e-06
-1.616531792936115724e-05
2.015915035390942862e-05
-5.288677306701161507e-06
5.986731774442158038e-06
-7.058884758468357826e-06
1.019145578479213830e-06
-8.119450803449394479e-06
1.470323560551840490e-05
-5.203829147416091390e-06
3.967625016101580465e-06
-1.307475466030209770e-05
8.038986360120310118e-06
7.393074434209713291e-06
1.974921787023703664e-06
-9.003061846108194183e-06
-6.987682412892452728e-06
6.400970622689205030e-06
3.869387337526165726e-07
1.853874903493978035e-06
-6.534581120671628722e-06
4.637661719973000537e-06
-7.865770423300798025e-07
9.673500407229542646e-06
-8.453369356859127351e-06
1.739972087151334648e-06
-6.065251630462535320e-06
4.026337102937778985e-06
2.686056973247559021e-07
-5.958566229604963005e-06
6.401148251994919199e-06
-6.381527657159124106e-06
3.604601650415269788e-06
2.000809785382424148e-06
2.477574214827928605e-06
4.361323262399014313e-06
-6.704613590223297896e-06
-1.877839311524431159e-06
7.710898624405833210e-07
4.894674017106258584e-07
2.361581621383376964e-06
-3.053130122578118875e-08
-6.482625249982662396e-07
1.303316883545222213e-06
-3.373521644288732492e-06
9.347659911900550436e-07
2.905579953086058750e-07
3.325860445848778871e-06
-2.924871433817058749e-06
-9.447380944811997838e-07
-1.240284826992440998e-06
1.882173288782405221e-06
-2.711909343513308254e-06
8.469056407579284024e-06
-6.484984602713741728e-06
1.663914523726377554e-05
-3.692229017954262260e-05
2.155785033171939548e-05
-1.471065212112889628e-05
2.832241107186457427e-05
-1.248554284023081448e-05
2.367753838830871620e-06
-8.332831214317547585e-06
4.040175310366839267e-06
-5.348081412649032646e-06
7.711393462721452457e-06
-4.888401189972217261e-06
1.707889841408125125e-06
-4.046144860181465579e-06
5.202316017577800260e-06
5.497243367010105892e-06
-5.945469224985267280e-06
-2.461421885135390100e-06
-3.358497550606019798e-06
1.451655940556283484e-05
-5.901551918608268578e-06
6.930964106346892422e-06
-2.049146830735185552e-05
7.713561444025301340e-06
-4.640447064780048856e-06
3.433072657848735933e-06
6.267637418857022778e-06
7.443234557702060764e-07
3.531689040312226138e-06
-8.265023790599084982e-06
5.492723982125600492e-06
-9.253087650728463012e-06
9.329218420464881203e-06
-2.096368262705795008e-05
2.923244821380094433e-05
-1.531014159966709179e-05
2.138294616419447795e-05
-2.711702369032873593e-05
8.262253833120682077e-06
-1.348271881020296851e-05
1.582956411897119494e-05
-1.962463138632713878e-06
1.274346644411015481e-05
-1.155893412562496929e-05
-2.679496071203689580e-07
-8.165375388390820019e-06
5.740959291972531460e-06
1.662193606544244756e-06
8.974792304615015440e-06
-8.084665677919443015e-06
-6.513007680125496885e-07
-2.949349805830588660e-06
1.030225922983615010e-05
-7.568131608785223156e-06
-4.854165481978883447e-06
-6.119323817640005715e-06
1.086773934675459491e-05
1.630267946662468557e-06
1.352701534687501957e-06
-3.377868061736831802e-06
3.777748204770139090e-06
-5.489622860974034788e-06
1.057804812719177924e-06
-4.473990803277636704e-06
4.865841645382804092e-06
3.128881774742247321e-07
6.006071331675856328e-07
3.711375333091706499e-07
-1.238263733424966290e-06
-3.172739559309764351e-07
5.201783652855137672e-06
-5.557552338530880926e-06
2.091012300888825672e-06
-7.195288060067947132e-06
5.041794364497586162e-06
1.456102256806779454e-06
2.516293474294767245e-06
-1.695931766266885226e-06
-7.129730521381386507e-07
-9.948135702485978173e-06
8.596795243714992589e-06
1.611310883680472303e-06
1.105960153486423091e-05
-1.265792599657485017e-05
-3.359823819219552748e-06
-7.751549316149220932e-07
6.336810473010774495e-06
1.187174694342129461e-06
-3.932249011161061868e-06
4.836349887545320645e-08
2.430259396002103114e-06
2.203335304235680029e-06
-2.906300228935786758e-06
-3.402109865364652450e-06
2.304401564244220428e-06
-2.205034658651518475e-07
-2.660065159954361853e-07
2.262243339389690109e-06
-1.780574625656034757e-06
-4.394486281725696028e-06
1.755928235488032039e-06
9.660967425074347696e-07
7.229682328667153488e-06
1.352921166311805654e-07
-5.861909684660762485e-06
9.779287881568529458e-06
-4.949180682514464939e-06
-1.553740741045654576e-06
4.920826591040920976e-06
-2.438922092910186608e-05
2.178339635095748116e-05
-3.212070759800521987e-06
1.556052224731444176e-05
-1.172575044746396056e-05
-3.030135751302404943e-06
-2.452712494330578030e-05
2.009322654478506645e-05
-1.152671793511512157e-05
4.262789348244145200e-05
-2.837353833350163444e-05
1.039944596868747206e-05
-1.301592222569652516e-05
2.538966001254744712e-06
-7.293308757660165213e-06
1.062253901477857893e-05
-4.286098890238955117e-06
6.944027480524336768e-06
-6.886680400786259721e-06
1.209238490373275001e-06
-1.016303519082527087e-05
1.292536912532676294e-05
8.765454959052081898e-07
3.178067545491608622e-06
-2.345655490025362231e-06
-5.089907481016870880e-06
2.567633345810673139e-06
-6.763603689936601668e-06
6.026000751304733932e-06
-2.178034406575810692e-06
4.633510803914533101e-06
-4.413746518889919240e-06
2.495082203340839252e-06
-5.684792848315102688e-06
4.602362786979254447e-06
7.507462641774833571e-06
-5.260492621722642866e-06
-2.752240256769264320e-06
-1.451075648441736972e-05
1.440829055212317151e-06
1.426099167968254033e-05
9.100867553034251375e-06
2.611901511457748897e-07
-1.105160082027285832e-05
-7.017946950427335348e-06
7.963631586948893203e-06
1.142146559908649146e-06
3.159286482399391558e-06
-8.763484754782746111e-06
5.182362893088375710e-06
2.664728597194872164e-06
2.025027970709781969e-06
-4.100455145237055917e-06
7.762929820781877478e-07
-2.894342878890209048e-06
5.420445409744092918e-07
-1.526602731243135492e-06
2.684933567724527224e-06
3.195722059422269042e-07
1.003141317293254275e-06
5.503813996585515004e-06
-6.556418275988074029e-06
-9.880788024865584752e-07
-5.393508112554700596e-06
5.009205012337404786e-06
4.062620725852795711e-06
-5.728685123887347717e-06
2.363444866158832245e-06
-8.581872637620578372e-06
1.237889079522465001e-05
-2.641773458741740738e-06
8.302152813760902122e-06
-8.069278067897045300e-06
-1.896710422886463063e-06
-6.607635338505609348e-06
1.197282144905988115e-06
6.818436148597177774e-06
5.361825818592277955e-06
-9.155199214274233624e-06
4.599800776193663758e-06
1.301672578762218707e-07
-3.778576027026718898e-06
1.777250813815235430e-06
-2.819275670948575568e-06
6.368082303577536637e-06
-3.158552430577945983e-06
3.724655597452043555e-06
4.954189796969360362e-06
-5.291196326925813641e-06
-7.224778669116500351e-06
-2.565211878915452578e-06
7.947240888135809024e-06
-1.186098316571334346e-05
1.126215999266770936e-05
-8.445120142546862522e-06
3.717092736443776939e-06
1.032832862111935057e-06
1.987122830261391844e-06
5.593631031370073481e-07
-7.911571594231601534e-07
-5.718202203864446458e-06
7.091943231037996664e-06
2.924844988677010213e-06
-2.459413825551445318e-06
3.964889770004797478e-06
-1.378246886995138678e-05
1.012085266139002232e-05
-4.476082526022478290e-06
-1.391110992241524847e-06
5.435490051735581519e-06
5.303502983591169326e-06
-3.172694509404933009e-06
-9.928251975617114587e-07
-7.411611977684137543e-06
1.762386757031762448e-06
2.548271627722352569e-06
8.353037296620340762e-06
-5.037140511579989412e-07
-6.219582162085864589e-06
-4.707634695235599468e-06
-6.017484235349409639e-06
1.079793205032469695e-05
1.598799857622993428e-06
1.010192226034567718e-05
-1.234536216380928372e-05
8.119820348923954415e-07
-1.127102314707963165e-05
1.177265460272424474e-05
-1.946824606757130396e-06
6.518523984195506328e-06
-5.877212105321362185e-06
-3.221656522843585147e-06
4.488829508873152912e-06
-1.453306027358488135e-07
4.776301422665228109e-06
1.523188840309855925e-06
-8.563464038790858182e-06
-9.418211062651173295e-07
-2.066850181121025844e-06
4.545121069938794559e-06
1.234504451224832133e-06
-2.185030034812346250e-06
-1.140711965009792584e-06
-2.731114175936147861e-06
8.746894814883009918e-06
-5.201074743699886832e-06
-8.485979249120972556e-07
-4.068650156149751756e-06
3.600486724882748300e-06
-3.409916471219398779e-06
3.838668234446421040e-06
1.677297860184458666e-06
7.073300429521607412e-06
-8.840961922749990368e-06
1.063980442672320005e-06
-3.931994672191715690e-06
-1.615022636218631219e-06
5.892519769150722679e-06
3.855191471466187488e-06
4.313284868848408970e-06
-7.095983646728171866e-06
-4.778499978370266682e-06
3.387639435318127345e-06
3.457139018869504927e-07
6.482861852300606393e-06
-9.512092890940307573e-06
1.101221446740673152e-06
-6.731190123503696494e-06
6.075527547205772021e-06
4.355461596238832035e-06
1.917727075315869529e-06
-1.815156643485811043e-07
-7.797447794929544574e-06
-1.625008750780596218e-07
1.848711667697967696e-06
9.655085350418439048e-07
-2.378603199321644498e-07
1.421471223064255256e-07
-1.427950255574004791e-06
2.381807088424107798e-06
-2.173673445285233009e-06
3.439783450173487147e-06
3.408033453360554328e-06
-1.070202757575385674e-05
3.536464145222413698e-06
-3.295506292804507231e-06
1.232674654238370479e-05
-8.164473348867614809e-06
1.032240486725091787e-05
1.321925476167433512e-06
3.187801978794788351e-06
-4.218495844692300457e-06
-1.533073118809708657e-05
-3.516766221313507342e-07
-1.078471220241972034e-06
4.174914663050563606e-06
3.361609147013635079e-06
-8.943517460177963555e-06
4.206808370663971106e-06
3.850649670172703243e-06
-5.795615919876069956e-07
6.594093229225148135e-06
-7.908178960359839776e-06
4.202412397968494681e-06
1.745278826011335946e-06
-5.042213475012769495e-06
-6.504653948232163238e-06
6.492350909208857566e-06
-1.577705981828988330e-06
4.505497854177378382e-06
-1.536858288816183103e-06
-1.690222457189001819e-06
-4.206740738768912017e-06
-7.345239043948526827e-08
3.957932600967118853e-06
4.362353050481297345e-06
4.889324727626021244e-06
-6.641315887382330321e-06
-6.456286660888074041e-06
-1.554166812150161765e-06
4.768238132994137351e-06
8.685087471229806016e-07
2.913167590776536802e-06
-2.820790433893095953e-06
2.002409606181642399e-06
-3.349466448200663926e-06
1.007046156539011097e-06
-7.742770186902289844e-06
4.073348218599632229e-06
3.289255115694283177e-06
1.025356474921801558e-05
-1.261419827932711192e-05
1.903961373016910445e-06
-5.962414850822030390e-06
6.652212470139225265e-06
1.347012334760685600e-06
3.035918640431357332e-06
1.626212980550458613e-06
-3.915361000106331232e-06
-2.871918670066775574e-06
-3.219929934624348654e-06
6.432412441553268527e-06
8.691485068535433420e-06
2.842080300929684277e-06
-1.188323340875326731e-05
-4.824764181525685944e-06
-2.815778761046828783e-06
7.258827016542569944e-06
-3.257597028452123919e-06
6.149167134310739891e-06
-4.423705862655561972e-06
3.836425173305242685e-06
-2.179534611442484433e-06
1.517084342360963518e-06
-8.599604110717901594e-07
-5.218606287850568396e-06
1.613975815841352072e-06
-1.572001881113746667e-06
8.534846924364718380e-06
-4.076810659845815228e-06
5.731051964845920675e-07
-5.765977668348632227e-06
7.104558425066527645e-06
1.023726726384955938e-07
4.378501050620293116e-07
-7.241945569633139010e-06
4.719668904458974713e-07
7.662307199681209159e-06
3.588513729365817189e-06
-4.748064234595462442e-06
4.802601576362872492e-06
-7.855806730186239552e-06
5.187878458319093738e-06
-1.988784077067767280e-05
1.525560232145772003e-05
-6.121064123719656259e-06
1.481854960427434426e-05
-8.915634987347815227e-06
2.366587931778722999e-06
4.387689990014736514e-06
-3.794882483584670804e-06
2.387659442569085089e-06
-1.080344665701135440e-05
6.556988743053095836e-06
-7.168706502961888654e-06
-4.603521459056884268e-06
3.674096904994974766e-06
-3.099484977964001169e-06
2.014521397754966597e-05
-3.930427650651119120e-06
9.630708477394441338e-06
-1.313590678580131374e-05
1.185823633735768192e-06
-9.280245170052331234e-07
1.005531624565859316e-05
-9.950627351812757625e-06
4.576390720825577745e-06
-1.302550225526789479e-05
9.886827703015593191e-06
-5.354013631338196439e-06
3.701107150367250527e-06
1.337421905023969599e-06
6.895778577383128048e-06
-9.994387389764854943e-06
3.581835305303233361e-06
-2.234438001127031057e-06
-6.811503638211293840e-07
3.709049794167251291e-06
1.300799039642925862e-06
1.095689162938471314e-05
-1.476772073359838538e-05
-4.042260957731913511e-06
-6.567793980881412117e-06
1.435591217879611777e-05
5.593949087758023976e-06
-5.177381775789775462e-07
-9.970646888385493724e-06
-1.914213526731043186e-06
2.565575548079277491e-06
2.217985639571017818e-06
3.495142817419664588e-06
-3.836581680844261740e-06
-1.697979790749142455e-06
-4.204587313334395458e-06
2.921734226107832140e-06
1.066469699871926147e-06
2.530961704972003329e-06
4.189920439789857831e-06
-3.980039298454740700e-06
2.569046496181102831e-06
-6.531657378404519902e-06
2.115690070262195347e-06
3.860784596711212460e-07
-3.544252467255348503e-07
3.999175488599657602e-07
3.166190236988728020e-06
-1.606120575566171810e-06
-1.722035391578270177e-06
-8.630734576021299777e-06
3.896324674118796165e-06
4.676428605887813483e-06
5.470545132922731643e-06
-8.402578675709315199e-06
4.042503484098032397e-06
-2.105850829514889163e-06
-3.020299441511285919e-07
4.006147674676401968e-06
6.413046275080207763e-07
-6.118152288241981925e-07
-3.080949732386027640e-06
-5.283841189732357752e-06
5.416226464599305654e-06
-3.166649077010986372e-07
6.160979153010689603e-06
6.802905772461158502e-06
-8.407702585820437324e-06
1.971443868210604345e-07
-9.545202308970067033e-06
5.764309463095053338e-06
-3.719040952641301132e-06
1.811011856458543746e-07
4.308545247244083384e-06
5.284704691068873265e-07
1.819806115215889405e-06
-4.819864280574851009e-06
5.834512090803664248e-06
3.167734848484395657e-06
-4.105804027071054241e-06
-5.810812467772965772e-06
2.419360890949609781e-07
2.871790956018314535e-06
8.295873778107090392e-06
-9.651029196119815390e-06
1.811784524023098947e-06
-6.481427692506469351e-06
8.451523219419905514e-06
-1.235955396663621607e-06
9.752502170006402982e-07
1.301493052942915326e-06
-2.501290730701102009e-06
2.080829337812270354e-06
4.069515042242132728e-06
-2.762865213761703446e-06
3.939377913020741886e-06
-1.291447080659017948e-05
2.347577073049731348e-06
-7.766052334800111720e-06
7.276014099612671519e-06
2.618180576128091745e-06
-1.818032995192020192e-06
1.967957532083564189e-06
-8.390646495183686262e-07
-2.128628445920970447e-06
3.400258038301652902e-06
-1.694522157619246357e-06
6.500810693130646588e-06
-3.268670539671391880e-06
-2.972271667058685974e-06
-5.724083751829267274e-06
7.440806351215667122e-06
-1.829078208692948895e-06
3.777199229014644012e-07
-2.195593708604027069e-07
-3.982078966350622189e-07
-1.154028540277643493e-06
-2.093822260866155600e-06
2.808363226376656796e-06
4.793406965205865735e-06
-6.717099178794624277e-06
1.522601852869589630e-06
-1.925802775629795950e-06
8.306636305185870472e-06
-3.233848651707584053e-06
9.248248764811816807e-07
-1.013296745836910363e-05
7.604802778580525183e-06
-2.554134890460346279e-06
6.344027689246415985e-06
-2.427533582333455805e-06
3.842645708826470015e-06
-6.441294209339367262e-06
3.759592074745086831e-06
4.955405647439226255e-06
-1.004627524500879363e-05
3.704242379254481449e-06
-9.660603539085484804e-06
1.227686461628789179e-05
-4.225015525197425258e-06
3.732179394604308911e-06
-7.527025249002424738e-06
3.538934722898838828e-06
-6.543881167846612940e-06
6.185177241094328565e-06
-9.712368476230867048e-08
1.123933126038475244e-05
-1.160674668366912068e-05
-1.775905137743079678e-07
-5.983984696417740742e-06
8.422053444362123849e-06
-2.718250600041359174e-06
2.628187088203830276e-06
-2.555233662644007661e-06
-3.353596939744450878e-06
1.295567604420221241e-06
-9.911521875292526786e-07
8.985479436594252198e-07
2.786430153620117608e-07
-5.160645965863106204e-07
1.135851818229145627e-06
-6.601499362419138413e-06
1.343717254566801053e-06
4.837583615393709836e-06
2.311267566582092563e-07
7.328722421442977628e-06
-6.150742057633822713e-06
7.085576523341500858e-06
-1.210700525847683349e-05
2.550861173045798310e-06
-7.837444663028252402e-06
1.322090015916628036e-05
-4.207470572895725833e-06
1.650333608002561898e-07
-4.777421087466462036e-06
4.886907932410160603e-06
-2.614407846371994627e-06
7.384063798526492307e-06
-4.215374421146211204e-06
1.792869182474764121e-06
-1.182709279834421486e-05
7.575626689133922349e-06
-1.987062094217767015e-06
6.265183638220710426e-06
-4.304298304100408356e-06
1.235770907658315822e-06
-2.632974046283976383e-07
-5.427615513096194330e-08
-4.497888775075748675e-07
-2.291146204881188141e-06
1.322698143451536104e-07
-9.394680290154675304e-06
1.415566317969265886e-05
8.815471057276250545e-08
1.293728061983193193e-05
-8.174349432931832363e-06
-5.615481666092019168e-06
-2.423060298551201941e-06
-4.063375577868657437e-06
6.352118502392629541e-06
2.718986185362560490e-06
6.824836763965340497e-06
-8.455449907162644997e-06
-7.954819978951678676e-06
-2.610853763006340837e-06
9.261463792637804077e-06
9.707471835146163394e-06
-6.279022761726683352e-06
-3.022742952492364835e-06
-8.320540349848702384e-06
4.904602528110052744e-06
3.766626344291906531e-06
6.735979155682629201e-06
-4.485421879857886542e-07
-5.536133641402683468e-06
-1.144093482800804230e-05
1.502086837494760402e-05
-6.444210204694648567e-06
7.550264288235391723e-06
-1.734191511835480085e-05
1.327044921983849396e-05
-6.376285193945322031e-06
1.217406304671533376e-05
-9.709203442119187415e-06
6.063770083599496328e-06
-2.158071152846862797e-06
-1.805669891941270098e-06
5.953959445450021231e-07
-7.036593387808302727e-06
4.147974810156331607e-06
-1.086305695516897549e-05
1.775512325106485669e-05
-6.678071654226979783e-06
1.284378145503409045e-05
-1.658381971435473706e-05
7.995261107487213324e-06
-9.406381136321829769e-06
1.707223937097741427e-05
-8.643930504081286423e-06
1.448300614017357474e-05
-1.670621629221512482e-05
2.763947087694331692e-06
-1.593033366469333957e-05
1.157152332308860228e-05
4.460530906689346743e-06
8.942378982326991478e-06
-3.825472892756755724e-06
-5.480277321769969114e-06
-3.358926138662297485e-06
1.199196774756985552e-06
4.439291670504132476e-06
-1.767995254472331610e-06
5.811002993977220309e-06
-2.550363225722941007e-06
5.557650658153230494e-06
-1.188096608626137176e-05
5.174717851947641235e-06
-4.583292931575790657e-06
1.067955590689773817e-05
-7.553763708453953393e-06
6.932287250727203847e-06
3.414698758213002150e-06
-9.178687289432620221e-06
-3.375757962823133608e-06
-1.908983117400729249e-05
2.359209739898887191e-05
4.963050488636749327e-08
1.678857215383304903e-06
-4.363923998133894595e-06
7.903146438132428394e-08
1.790005207721760070e-05
-1.667093629705203385e-05
7.519150557602369224e-06
-1.615500276944520274e-05
9.223564950096215529e-06
-8.255719595345692395e-06
2.758228522195065793e-06
3.680417050148116592e-06
7.006967673125079601e-06
1.121690221181697323e-05
-1.635242858783731066e-05
-4.017739184697257545e-06
-1.163235313627310380e-05
1.393960953786966449e-05
5.027151182677185120e-06
-6.524153125206850784e-07
-2.552821468911051582e-06
9.046458049354021960e-06
-1.594331460309820418e-05
3.385684397449500568e-06
-1.902866380601441292e-05
1.862989665274422121e-05
1.594977169120225798e-06
1.082616356729018616e-05
-7.532925615925234176e-06
-4.307813534411204678e-06
-5.023897043934167069e-06
-2.845815208710863967e-06
6.976268373001678780e-06
5.379097898212133138e-06
2.981094077850745215e-06
-6.246378106454780478e-06
-6.366898331694318793e-06
-1.907995794190948306e-06
8.395668602353369614e-06
6.164115415667585312e-06
-4.955540421169412745e-06
-2.446222384750144517e-06
1.387692366605739426e-07
-2.588915088106262394e-06
3.618386803083528924e-06
1.301195622555873768e-06
-3.720134064304957350e-06
8.832312559834398227e-07
-1.929512402087001933e-06
1.936659087417377467e-05
-1.594234043880712008e-05
4.492023000632594634e-06
-2.107422727641345713e-05
1.699366061294048470e-05
-4.480623778104298127e-06
1.238218329164724526e-05
-8.738019677561426290e-06
3.192108987378571204e-06
-1.233080423551773615e-05
1.012248491630939317e-05
7.000937431480581195e-07
4.896767522494901860e-06
-7.740145388368379413e-06
-5.234879356663404385e-06
7.969634390501677628e-06
-2.711925763614261300e-06
5.560212904296942590e-06
-1.168450942144954312e-05
4.756522448072380042e-06
-1.128936299638734974e-05
1.734965972735651469e-05
-4.078852118725639764e-06
1.467217930185249555e-05
-1.742308933135414833e-05
2.621206267526559264e-06
-1.202451530222093462e-05
1.238024325511140893e-05
-6.805165787050815372e-10
5.101483273004053879e-06
-4.491032681420827289e-06
-1.975966605695216795e-06
-2.156947219608569375e-07
-3.827460530176425064e-06
2.861178538448777212e-06
1.183454040004700944e-06
5.785945445588388419e-06
-5.177639564179195895e-06
-1.134028797554467075e-05
-1.512583722688652779e-06
1.167409923699549998e-05
1.093867041218312239e-05
1.319700584368112899e-05
-2.251206467562313066e-05
-7.186386965929801162e-06
-1.498575727427308720e-05
1.972670320928213952e-05
8.137980073318796815e-06
-1.997698792075363288e-06
-5.444469619215955433e-06
-5.599307565973086833e-06
5.658384041917301877e-06
-1.150356388559906366e-06
2.049210639877481194e-06
1.300163744063666853e-05
-1.153539586791850904e-05
3.163062270827107322e-06
-3.384191726300740135e-05
2.634237188563411339e-05
-2.951033542295544737e-06
1.094267968054370055e-05
-5.683150051062500269e-06
-1.390572218246148293e-06
9.281480756992885306e-06
-7.382926246841401651e-06
-5.813364574811575863e-06
2.942884227792760455e-06
1.913733128004082582e-06
-2.408327866726386188e-06
8.969571227932260111e-06
-4.249877897564512238e-06
1.392143726556366845e-05
-1.581760054279236251e-05
1.026269991375136398e-06
-5.584643472406666454e-06
2.580295427404003083e-06
4.614193525736895717e-06
1.686697021630479209e-06
5.600615633842517058e-06
-6.306632199549064031e-06
-4.758417409213933404e-06
-4.606877040560341549e-06
5.279258902394446091e-06
7.501438154809639828e-06
-3.384914564844907192e-07
-4.860377191193810493e-06
-1.045742624724903621e-05
1.324978429771717588e-05
-4.309518835125761333e-06
4.701629575741421744e-06
-8.151369620911101584e-06
4.957480534474259124e-06
-3.361959146518296061e-06
5.053277045670208914e-06
-2.047315080553484718e-06
-5.307500417203706060e-07
-8.011313862424882264e-06
9.445875780218858359e-06
-1.740690129206637495e-06
1.164308677804130097e-05
-1.051382143542446258e-05
-8.634808466404336161e-07
-1.250968428161523889e-06
1.423380616042371542e-06
4.234517495708367203e-06
-1.533419270164775592e-05
1.065587245615260817e-05
-4.958820904251866392e-06
1.930043451860482469e-05
-1.308013633832876295e-05
5.564064120495869272e-06
-1.435382969432418666e-05
9.414326575648866371e-06
-6.333423181797128646e-06
1.346957544721561070e-05
-6.722898589183332133e-06
7.143965268877724683e-06
-1.394307522916597039e-05
5.368980299256448090e-06
-1.118686201445280862e-05
2.126348096905333142e-05
-9.712001024328887483e-06
6.846541697371273563e-06
-9.781047799780608090e-06
2.552090118354770045e-06
-2.427927503207047468e-06
3.816916733527875449e-06
-6.330460118990982127e-07
-3.140118617106920012e-06
4.454346785636136623e-06
-1.782136745913611477e-06
4.036959682033964880e-06
-1.020381435139477464e-05
7.216672292080177331e-06
6.787482232732471474e-06
3.943155728672303729e-06
-1.282325490399770920e-05
-8.610016716126459279e-06
-8.222870150826788019e-06
2.103807600484308916e-05
6.945214456863677081e-06
9.399172553078863433e-06
-1.896960418011643649e-05
-7.767661654933088317e-06
2.376245799888246203e-06
6.647341471909963320e-06
1.460159220354014770e-06
-1.045509421327093041e-05
8.489347300030598462e-06
-1.598517873137245552e-06
6.783894914788411853e-06
-2.492320311755542731e-06
6.639052812562407031e-07
1.529590791038840575e-05
-1.792122083789813246e-05
1.559273094629131669e-06
-1.096326886827008563e-05
8.750439269812252232e-06
2.327872085200459286e-06
-3.703639357189688727e-06
1.637818703859223013e-06
7.158743381038355651e-06
-1.110472848635092485e-05
3.090326551127349016e-06
-3.427827755262158834e-06
3.475273930949543077e-06
-1.854421602423177441e-06
-7.093698406330702720e-06
1.059046025239438182e-05
-2.175285793666708716e-06
1.911572767138314170e-06
-1.704308820811526332e-07
-1.551142035910202522e-06
1.651294648632143055e-06
-4.456267573407494856e-06
1.827967300360230912e-06
-3.214698433044838152e-06
8.024479134762128808e-06
-1.356083748604128827e-06
-2.447809148287791547e-07
1.224993242336194120e-06
-3.513651666079580150e-06
5.859743292878454386e-07
-1.170688539387852684e-05
1.208330807946329163e-05
6.057961699925965763e-06
1.031186790870853158e-05
-1.750854751359984252e-05
-1.118391131212889315e-06
-1.607823102312689575e-05
1.843402353490665227e-05
2.512737836763070937e-06
1.868842508258314133e-05
-2.298511828781355599e-05
-1.532251843860879012e-06
-1.042050902971382351e-05
1.417669031739018114e-05
6.509683454102341933e-07
3.539061426831560374e-06
-6.281999506722259765e-06
2.596531791553288971e-06
-1.331058110019241257e-05
1.094851039140747661e-05
-2.774749532213307868e-06
1.323656565725040991e-05
-9.486769342595010492e-06
-7.522633229247534291e-09
-1.149769964597017918e-06
1.865569637661111176e-07
3.242906366285983223e-07
-5.073233855311631542e-06
5.150550942076004686e-06
-1.590767687124835580e-06
2.081844464585258744e-06
-7.447565513054575398e-07
7.159568940473038691e-06
-8.456203540250719378e-06
2.174983195884303304e-06
-3.362177511011688233e-06
4.597579462134793508e-08
2.930426273789144012e-06
1.487007383559781743e-07
5.024686161094334510e-06
-4.557287325601154580e-06
2.133061356936235641e-06
-7.750977023356368963e-06
4.200141671335308046e-06
-2.948500528378142641e-06
1.204576074038231195e-05
-8.166271378474550418e-06
-6.419618351004488098e-06
-5.066199311816229348e-06
9.469612966569653119e-06
7.503474940103812750e-06
8.412030377989720376e-06
-1.315858681628738402e-05
-2.096315954849705132e-06
-1.766874360877576246e-05
1.521719812347487784e-05
3.953549954853025785e-06
2.651409079141084498e-06
-3.331638030268779325e-06
6.651938761177371345e-06
-1.507783879230136160e-06
-7.283236728182494338e-06
-1.249532441033009622e-05
1.210391061039195561e-05
2.089846947049100838e-06
7.665937732451808882e-06
-1.326903978249707454e-05
3.917564165051457155e-06
-2.153801325203626792e-06
-2.315348545513625857e-06
7.691423702092577700e-06
1.493726185112502281e-07
7.701859427196483903e-06
-9.523171699811712180e-06
-6.595320789563558240e-06
4.330251409176849563e-06
4.605154450363855830e-06
2.177089417486086292e-06
2.292950794502519154e-07
-2.643592920830637064e-06
8.393251901629410357e-06
-9.054604569408039957e-06
1.989064898699113550e-07
-5.771315680951502006e-06
7.825348989117139576e-07
2.835507217743303202e-06
-2.046387954052987561e-06
7.530325015848626568e-06
-3.851314316071335130e-06
6.907228621663040528e-06
-9.648671989453401043e-06
-4.579956830645034733e-07
-4.534971369790829346e-06
6.037316718965673112e-06
9.987337814056998779e-07
5.240027135531826240e-06
-3.604860050347066374e-06
-2.578679163692985065e-06
-1.285022111423274724e-05
8.878040658175038782e-06
4.982655813800892808e-06
4.777815162758133415e-06
-2.783806719511701339e-06
-2.828543035855806984e-06
-7.104846711494501935e-06
4.149676404872803723e-06
3.015948542853494441e-06
1.028177638477751469e-05
-9.080752000072202674e-06
-7.181261568663557452e-07
-8.252572044891360090e-06
1.118595370157476840e-05
-2.987449690757227146e-06
5.199646631421021549e-06
-6.510956391555833073e-06
2.679575572590937242e-07
8.580100796282976076e-07
-6.396128779176756240e-06
9.447148026701176500e-06
3.308997518173850647e-06
-6.649342880104954715e-06
4.738518051160496623e-07
-5.544414186643965499e-06
1.752594087676836797e-05
-1.106065887753376421e-05
-1.239094724754648384e-06
2.835431221382870388e-06
-2.062120605556921850e-06
1.680343811414319844e-06
-3.438197986844478788e-06
1.861609341238853124e-06
-1.763360194884786209e-06
9.668395162500191238e-07
4.691596483848221497e-07
-1.133589322171141793e-06
-3.954135871178870667e-06
5.172517350825730565e-06
-4.167616195280567071e-06
1.204454789211391082e-05
-6.617534951392054286e-06
8.749030025097466782e-06
-1.936283504087807033e-05
1.034517075345687238e-05
-2.707146588359982546e-06
1.213871627064395370e-05
-8.878311916522658932e-06
3.015855136662368005e-06
-9.439287259521774874e-06
7.341554181914811529e-06
-6.160886801927955553e-06
1.664013537710233348e-05
-1.399896803985854320e-05
-5.670252533200275248e-07
-6.513458011690175810e-06
9.800621183852207575e-06
-8.176649014139784910e-06
8.712457167039732798e-06
-2.542359201064726151e-06
1.103491718838652919e-05
-9.705139230913876396e-06
1.125234839959524536e-06
-5.366503614410096903e-06
6.826629319661784455e-06
-1.853027094083938540e-06
-1.739143086342116414e-07
-4.913632034158925199e-06
2.726395302341577854e-06
-2.332220239408466103e-07
2.046941492858230720e-06
5.066910112881608809e-07
2.100084417122192262e-06
5.129278138374506576e-06
-9.601052825298434846e-06
3.553635451658086273e-07
-1.382612146901387982e-05
1.250583589518113636e-05
-1.145925618930747965e-05
1.816410994199232603e-05
-4.338869049184193176e-06
1.205325107483619563e-05
-1.402370022777508360e-05
2.488343432972978662e-06
-4.307848921097832704e-06
1.717333560938995562e-06
-1.569462866797927211e-06
-7.068136108542274137e-07
-1.863133184151521585e-06
7.138510734774054816e-06
2.026509591501894290e-06
1.983506315378508403e-06
-5.404625343784840424e-06
5.419466591281666821e-08
-2.012103978968219224e-06
3.473097886546638641e-06
4.940329730404384548e-06
-2.912587034689007990e-07
-5.591587832801897819e-06
1.143689539885060929e-06
-7.751571332656309306e-06
7.478551735437062015e-06
1.175491038191182013e-07
7.065873306516352048e-06
-6.768479944428151185e-06
-4.764494934827399062e-06
7.007650948298797851e-06
-2.033045965094337909e-06
8.070261242699823977e-07
-1.441971832672852708e-05
1.403298925622186856e-05
1.044677662285945191e-06
1.348933105419732644e-05
-1.753711422756347197e-05
-1.830871986384712558e-06
-7.788286021159597570e-06
6.385901220559832774e-06
-4.485742721892628263e-06
1.233989155400459163e-05
-1.552901297729566347e-06
7.648662535094246257e-06
-1.499114615642307905e-05
5.975109112021734648e-06
-9.412222889465575665e-07
7.371592774762493248e-06
-6.757679202095743789e-06
-9.730452264486024014e-07
-1.116456101131041887e-05
1.229208039523545880e-05
-7.304042577774258040e-07
1.126562195675181691e-05
-1.089288874153150985e-05
5.030408838080403145e-06
-1.764255107713693109e-06
-2.993101550219581531e-06
2.226399118939164676e-06
-7.487742984528083086e-06
2.221710544723031104e-06
-9.822109923553852870e-06
1.741802685527361159e-05
-6.181779986944448379e-06
2.739183301727742602e-06
-2.645250766439928821e-06
-1.530909913511484965e-06
2.096854323907842922e-06
-3.010703543306993189e-06
5.612933844004013695e-06
1.484149145774557189e-06
-1.233773509989969383e-05
7.032079489009261889e-06
5.740795955704950786e-06
-3.800871548810966309e-06
1.422826490038335350e-06
-1.790853608605071564e-06
1.052631886919035378e-05
-1.187989050491897805e-05
-2.242082570976316620e-06
4.929694327140337967e-06
-4.225719756385786375e-07
1.767670268732530363e-07
-5.126278893996673953e-06
3.588658013885106331e-06
3.796819335341194351e-06
-5.738663506609631816e-06
-4.762336191841549905e-07
7.906698669289754066e-07
8.066048524497900141e-07
-7.741808503515329942e-08
-4.831792244924385985e-07
-3.928575761510308994e-06
4.013700592227194385e-06
2.020393419683963980e-06
1.070471505874892490e-05
-9.537069589668197437e-06
5.115621098951930219e-06
-9.872966743485712748e-06
2.814163681150477051e-06
-1.195913976278345763e-05
1.296478028533283683e-05
-1.447317912748457227e-06
9.182163611714589364e-06
-5.903095375817486026e-06
1.104952859176964452e-06
-4.276114504520865665e-06
6.062049791730289393e-06
-4.816624517061490854e-06
8.789361898143654810e-07
-7.469133123732885272e-06
7.239034991466022325e-06
-4.080745192683010296e-06
5.259498546549581889e-06
-3.636478686442444074e-06
4.849037883992420183e-06
-7.445350254454175754e-06
2.929434966632660617e-06
-7.725231122463201857e-06
9.118969534848900740e-06
-1.852906950114057738e-06
7.015442258654309629e-06
-1.116736886837258708e-05
2.426754977888334112e-06
-3.815125186151812654e-06
6.809500397232651409e-06
-1.105756576414571478e-06
6.562717857016086586e-06
-5.157131019515384933e-06
-3.817180791431971500e-06
-5.143852613597589310e-06
5.821491956323345636e-06
5.072129229178117628e-06
3.222159545834101652e-06
-8.482215107011742980e-06
1.280875189645193027e-06
-1.255875374355905398e-06
-3.337699739065156569e-06
2.729029304917871202e-08
-1.572391586655028097e-06
8.704320953422601593e-06
-2.600169974341622609e-06
-3.998704230302629444e-06
4.431851726491383597e-06
-2.219942344552427256e-07
3.782966605603940333e-06
-1.122362763162323028e-06
-3.038978328779887152e-06
6.749659106572631578e-07
-1.444736610146392218e-06
9.832591713412083649e-07
5.495996168471406078e-07
-1.212906007718983064e-05
1.127942291144853502e-05
-7.029743085783414971e-06
2.349761938463067716e-05
-1.353938561050326591e-05
9.046227693264363506e-06
-2.879963613047061227e-05
1.698814186858604925e-05
-3.129485578053613215e-06
1.008627561141952868e-05
-5.046900955999284670e-06
-1.785387442035838665e-06
4.180925960375666954e-06
-4.519416769059557889e-06
-2.796800251719340415e-08
1.039834509983519084e-06
-4.286718932611725114e-06
-5.844658978211330675e-06
5.760450306183890953e-06
4.289022791449163911e-06
7.088947627993609545e-06
-8.933495037887534456e-06
1.572694837476664832e-06
-6.871927402634380553e-06
8.188167671230951104e-06
-1.719100989818102824e-06
7.814118800556128669e-06
-8.702895128091968553e-06
3.710034756955075735e-06
-8.850520681181450722e-06
3.530871797534263932e-06
1.151444001305370148e-06
1.631426677173959664e-06
3.142435872307361444e-07
1.153535940117372913e-06
-2.809981298475863867e-06
-4.982649249777720434e-07
5.516616631258531949e-06
3.475224031995276231e-07
-6.226708860105062139e-07
-3.303916566680489321e-06
3.017850445181238859e-07
-5.093045678151548680e-06
8.617367152995379892e-06
5.046228200508467822e-06
-2.222259239261418866e-06
-4.036770510028271424e-06
-6.404270052497159241e-06
6.148224965074446246e-06
-2.050360635730074557e-06
-1.081729702263797946e-06
-2.435698368942094861e-06
3.394030884007717995e-06
3.014822669775276009e-06
7.927726890897652541e-07
-2.721347688796569560e-06
8.510512906714806126e-07
-9.012564812788933849e-08
-1.976981126085014388e-07
-3.473646232535090270e-06
8.074985174307334454e-06
-3.557433664567419916e-06
6.378134051353365135e-06
-1.551001540834219002e-05
1.100129031363378471e-05
-1.054463150061152066e-05
2.221543083428407768e-05
-1.413371107656018930e-05
7.164480223194768149e-06
-5.889628494986041782e-06
2.680211198186405212e-06
-9.381307189535822879e-06
1.959075859070423805e-06
1.346409641660102165e-06
1.011938887993666094e-05
-1.577843713837437441e-05
1.078295474951686543e-05
-4.253422783729249592e-06
1.756677119028436589e-05
-1.248675734981552650e-05
-1.360005473896542397e-07
-2.748401857262233863e-06
2.999633837697517096e-06
4.227025122173073190e-06
-5.071875982783988286e-06
-4.093350516293070139e-06
6.067210789373660300e-06
-1.563781570902410628e-05
1.180303336910137347e-05
-4.641840916544587076e-06
1.716541570219067009e-05
-1.295150069374092373e-05
-3.076434749300814906e-06
-1.402686763223173870e-05
1.853364061237762871e-05
-1.300885057831284924e-06
2.100779245776371022e-05
-2.152735137870938537e-05
6.163235359116478641e-06
-2.278574063523591342e-05
1.605081473615292990e-05
-1.027070686671208186e-05
2.819550566707748233e-05
-1.714067782165373322e-05
1.674847550373113300e-06
-3.047421479571485849e-06
3.791372107560433806e-06
7.377739124254009662e-06
-1.731657018951570469e-05
8.745168642983348607e-06
-4.625373767221268754e-06
9.141925416613215814e-06
-4.593540435573999050e-06
6.330498110276834846e-06
-1.308896830087525625e-05
4.188026775786880693e-06
-8.246449608154054014e-06
1.876965119475062518e-05
-9.174390725298026757e-06
2.430160766462703841e-06
-1.572330068067032897e-05
1.532639606393987637e-05
-6.269900648107761771e-07
1.874625197907952873e-05
-2.213031564411309425e-05
4.376246314499626405e-06
-2.050941798008788146e-05
1.564953650354457168e-05
1.172580849405066499e-06
7.245488428144886123e-06
-7.243139234795978004e-06
4.038064583673618506e-06
1.732573220067788884e-06
-8.359940852166872010e-06
3.033099180450110567e-06
-7.768336824921821276e-06
7.142532200387465620e-06
-7.519655459375625736e-06
1.343673496247240045e-05
-8.258725901944234270e-06
2.803530100431074393e-06
4.085380564808228779e-06
-6.696424243179240553e-06
1.605762179397363554e-06
-9.539567707354770396e-06
1.057394430456525588e-05
5.387999813570589321e-06
-3.962216167553299535e-06
-3.190759002915515718e-06
-4.318320877907428134e-06
8.659670230648486809e-06
-3.684165124973571552e-06
-1.914303533846920755e-06
-8.085025140324986870e-06
9.224425277813804098e-06
6.553085694207625115e-08
1.175587134924102291e-05
-1.335154406446099064e-05
1.065710655051353939e-06
-1.287033438548999580e-05
1.187487773321891654e-05
1.463149816822731456e-06
1.236079596400540032e-05
-1.511276925920359532e-05
-3.529088311121607110e-06
-5.616600552083611501e-06
1.199448865524640456e-05
9.590277619234751499e-06
1.773991560299377191e-06
-1.226806951290819112e-05
-1.683909592118076041e-05
4.140666931778369509e-06
8.777662877484701640e-06
3.801747188125984322e-06
1.977949468701843821e-05
-1.957504205975251591e-05
4.896294944302480024e-06
-2.091500107460618924e-05
1.455712797824289134e-05
2.194171628184728664e-06
-2.462195690249148965e-05
2.511481407355145253e-05
1.245632527222736127e-06
-6.794707399089087307e-06
1.745452137707842536e-06
-1.054183887214280721e-05
3.452328187214689475e-05
-2.050442665047605924e-05
1.065575407943177301e-05
-1.026631210539077658e-05
-2.991296052940313433e-06
7.377543153851140456e-07
-9.153788648727871331e-06
1.160461418367172775e-05
-5.642423084757838532e-06
1.675636044531201197e-05
-1.077936407283236041e-05
1.065975798574453809e-05
-2.683665414108618607e-05
1.672216918756077805e-05
-4.063320636713623163e-06
1.927126859017658797e-05
-1.778029419314919071e-05
-5.906641836432913509e-08
-7.066839840758062656e-06
3.673027691286903609e-06
-4.200526669704376427e-07
-9.400460905165214614e-06
1.462976783345626593e-05
4.232952445783403975e-06
-2.602734544123560540e-06
-1.582429432738622809e-06
-6.057113129122768612e-06
1.778887066764005585e-05
-1.489766539093192484e-05
7.194818989183266887e-06
-1.916015737894691690e-05
1.360101772460112850e-05
-9.059672349171620117e-06
2.705497420760421092e-05
-1.673839727717328418e-05
3.832223340453742725e-06
-2.177401615481142132e-05
2.028026521101611114e-05
-5.604005014315588195e-07
5.183417467052945640e-06
-6.800735573021508850e-06
1.526267418024327923e-07
-7.011105698187518494e-06
9.722098058633999926e-06
-6.093889221184584548e-06
1.185132137599805095e-05
-8.469840394484887808e-06
4.502403257302460787e-06
-6.706981084566808934e-06
4.361675316792245930e-06
-1.982231346803433033e-06
-5.231144245394208362e-06
7.590775033571431914e-06
7.929448230087093291e-07
9.486341212474477488e-06
-1.126550505299340625e-05
-7.856825323309320715e-06
7.037447752398540179e-06
2.271988689413453259e-06
7.282000316488377803e-06
-8.624566374175075541e-06
5.232015809774198396e-07
-2.605591223862262722e-06
5.372443489907136825e-06
9.632524962593176556e-08
3.592491155038757803e-06
-9.057660970912122548e-06
4.545329033498370566e-06
-4.151721423526157269e-06
1.028683765598693170e-05
-5.005110047399507611e-06
2.639512691325448981e-06
-8.752604609214378905e-06
7.122819111729421777e-06
3.654817296367047531e-07
-8.037270818128379622e-06
8.823233795079369056e-06
-6.539694038781740273e-06
1.386094041092169253e-05
-1.393512227565416208e-05
1.925999947082471979e-05
-3.673805044875296281e-05
2.328517975566026535e-05
-7.995158325884978791e-06
1.857461709405718782e-05
-1.429167114924990199e-05
-3.171040130698576335e-06
3.527527875919538654e-06
3.549264238683803055e-06
-5.253339292048905964e-06
3.318560754630405223e-05
-3.114814798632217850e-05
-3.115655428214008141e-06
-3.381248216879874439e-06
6.797588482755287715e-06
1.594578539491490319e-05
-3.046994996768920101e-05
1.302803942787577745e-05
-1.246943548283093695e-05
1.209889786788464068e-05
1.263670228003065696e-07
-4.982300800103996240e-06
1.639913686986955391e-05
-1.081184823596286230e-05
1.146285274631956804e-05
-2.344413329649619720e-05
1.008014388701551417e-05
-1.605674880863252181e-05
2.491280838058036501e-05
-8.203604411643268708e-06
8.899948324364291585e-06
-2.148276039926594165e-05
1.111585323839648569e-05
-7.689682221440574900e-06
1.831785253460803452e-05
-3.725471509317452743e-06
3.441816961275152544e-06
3.579821052222745671e-06
-1.090406469661277516e-05
-2.384634665579276377e-07
1.742608414304611976e-07
3.890543851097325140e-07
2.538848186122548976e-07
-8.519003903809923965e-06
1.171025496572611850e-05
-3.483653130731319156e-06
6.442474380775985905e-06
-8.025565627231199983e-06
9.256058391404469807e-06
-1.735685837746903676e-05
9.398000891411089239e-06
-4.963604940525393285e-06
1.915744204692795848e-05
-1.507919385322950529e-05
-3.653165256606790036e-06
1.280813028343204957e-07
3.013192930245272563e-06
4.382430979437372661e-07
3.588902670339246231e-06
-4.769951429254228425e-06
-3.677546911450842144e-07
-5.274647302801072231e-07
4.926348886368718782e-07
6.123974157272457785e-06
-9.142295982162398818e-06
1.906738799532434452e-06
-1.525944167941424491e-06
8.793044997078331055e-06
-7.921045315517930371e-06
5.561431643008313134e-07
-1.109205440577236419e-05
1.194905986459063583e-05
3.827062289620138295e-06
2.872224090365657493e-06
-7.967160776713045619e-06
-9.796465905497088507e-07
-4.703316461881617969e-06
6.918609142911224117e-06
6.890057435908752185e-07
2.587889991789325481e-06
-5.920651394372741496e-06
-6.331639970908804109e-06
9.481411317934799798e-06
-9.123664946694276585e-07
6.948365790724077680e-06
-1.390273462393658108e-05
4.660356544755269004e-06
-1.818073865321711549e-06
1.002578702699666042e-05
-8.433138128269898598e-06
1.743714094459106697e-06
-3.057077233022374187e-06
-9.650825664650295062e-07
-1.970842223022040011e-06
6.474411849077092176e-06
-6.807123328041556640e-07
3.161538235597973102e-06
-8.423385539485167615e-06
4.094917206204462225e-06
-6.035168978537334999e-06
8.567070519807850891e-06
-1.353117007524970035e-06
-1.256971416296165560e-08
-5.358409683246062957e-06
4.048764734243419765e-06
3.802847006529355657e-06
-7.166047755601528274e-06
4.301581469810904495e-06
-1.566295215908540929e-06
1.191154446683377556e-06
-4.604433195950321568e-07
-1.790353201876462901e-06
6.983569953022878459e-06
-2.326621924909552663e-06
2.015636438390663518e-06
-3.269240479693015207e-06
-7.895195782161809096e-07
7.091646838636449408e-06
-1.057460510848091126e-05
4.928263788130191753e-06
-1.331909075242659586e-05
1.522533833987315798e-05
-3.113597801630363718e-06
1.743921024551600446e-05
-1.192787598778069502e-05
-2.954595095165744173e-06
-1.115677814583704503e-05
4.725080440680585114e-06
5.859931152650088397e-06
5.664473760866772454e-06
-4.153985265841311000e-07
-8.111460191836451263e-06
4.441820502622439217e-06
-1.501900517538257295e-05
1.218829046023924399e-05
-1.392634771762259394e-05
2.193226737633693815e-05
-8.664490891958894555e-06
1.624090972251158600e-05
-1.833020592729898851e-05
2.717877787456566695e-07
-7.103933421498893804e-06
5.087264470491297376e-06
3.465115906573328617e-06
-1.015630028556125223e-05
2.011356899338383772e-05
-7.592056640662183211e-06
1.196813426377084160e-05
-1.933329383599711852e-05
3.379031630663274159e-06
-1.724102186618371561e-06
1.009779311108798916e-06
4.291541540187316923e-06
2.938084592782002724e-07
-8.470315657869721118e-07
7.197305707274808144e-07
6.750309568653846293e-06
-1.124874181169903228e-05
3.568590941760015645e-06
-1.506109040385959330e-05
2.124152101834438967e-05
-3.714027088649613645e-06
3.525420333778862163e-06
-1.174995979340114411e-05
8.425542942152840502e-06
3.104559666143228938e-06
8.236873396830157002e-06
-1.200872060117461117e-05
-3.195011757693487991e-06
-7.176252308887785835e-06
9.836151662927610493e-06
-4.291260450541420281e-06
1.470149953541407659e-05
-1.268528636054232892e-05
4.647133696816385803e-06
-1.111632237274216183e-05
7.467622087985028646e-06
2.140412811838650146e-06
-6.990367691600913788e-06
4.822810613682205496e-06
-1.108678808288409917e-05
2.315343099539224824e-05
-1.426525993746681115e-05
1.179429173182535193e-05
-2.812402038938042087e-05
2.002090189319369443e-05
-7.782257851788050343e-06
1.808388339872559289e-05
-9.159009402277991035e-06
5.556961748688538742e-06
-1.210186533343826464e-05
3.662336468822564080e-06
-5.221757385604751479e-06
8.292269315602609700e-06
-1.239197169211594051e-06
4.663245952524886330e-06
-6.468839888003659677e-06
-6.271926629230562336e-08
-3.721796974084104359e-07
8.729346546702084939e-06
-7.856428028949822401e-06
-2.491084183002101988e-06
-6.012082490137668489e-07
3.514600819439651490e-06
2.084079604016414867e-07
3.552342309191513212e-06
-2.438744253021170273e-06
7.591991969449543565e-06
-1.212759117946978567e-05
2.381573066868186445e-06
-1.381309696649087862e-05
2.130708601007837719e-05
-4.871740201169334501e-06
7.495446615075836193e-06
-1.549951406220706311e-05
7.152181868431083632e-06
1.909428802551380294e-07
5.784353802374764611e-06
-6.891828909253707933e-06
-4.553749805676310337e-06
-6.098091299441485424e-06
1.062808030863966920e-05
-2.392912076242263882e-07
1.107720401602907585e-05
-1.000220541084437037e-05
2.868922155350481665e-06
-1.025844549177917699e-05
7.731487068316368182e-06
-1.515427344970436511e-05
2.982242016738272518e-05
-1.600423660100363220e-05
2.330703082882245144e-05
-3.835051062332800074e-05
1.461144047869155250e-05
-2.236169166176882539e-05
2.937088529434484966e-05
-2.738044172071053801e-06
1.431201562354400942e-05
-1.756606889125928543e-05
-1.962736145666891066e-07
5.822425744812135764e-06
-7.299930796598372545e-06
2.604800676638525142e-06
-1.372551551372022277e-05
1.424128047222131258e-05
3.256819758370008329e-06
5.710793798586552713e-06
-1.710638914475412172e-06
-7.000809947071062397e-06
-2.792356432988873775e-06
3.162726802037927427e-06
-2.196886176125059252e-07
-2.230183707243339149e-06
7.310486751413182292e-06
-4.544539507962451900e-06
9.922365796273706077e-06
-1.718519752377346626e-05
7.800193082662769801e-06
-7.442446504441582223e-06
1.269299069528238308e-05
-8.283638598425645301e-06
2.162725145679270139e-06
-1.193681597759347241e-05
1.137758513467040179e-05
-3.653607997377010286e-07
7.324984836505609858e-06
-7.431623674991385398e-06
2.305059617668678840e-06
-8.531003340516463918e-06
7.526194278318776439e-06
-1.825102674599420510e-06
3.070138554376975756e-06
-1.700910613060976581e-06
5.265783688861687211e-06
4.618444852507206055e-06
-9.713232245675766692e-06
-1.203169191034153556e-06
-1.227406066664402221e-05
1.623025719327122958e-05
-5.409206956803845335e-06
1.932555991220485274e-05
-1.688485757846063003e-05
3.345962596825354912e-06
-1.316243898418824580e-05
8.932688261296820378e-06
-6.553698827785921758e-07
5.054817073907881113e-06
-1.943020960658601659e-06
-5.581327561398570252e-06
1.759850464428292812e-05
-1.346072112944801057e-05
3.448762640842386039e-06
-1.468854358705371363e-05
1.169243192772321997e-05
-2.514696931795751690e-06
1.983571745946702729e-06
8.917143019178241163e-07
3.540383625110106041e-06
-1.245645116939440171e-06
-2.058897085286917383e-06
-2.774656648821591633e-06
5.595575547926785092e-07
-2.387185069233988335e-07
2.548686915598604027e-06
-4.856969635443086648e-06
7.446451467896348059e-06
1.271029371822541957e-06
-5.062263085476540348e-06
-3.158071064596657158e-06
9.950577974201835251e-07
6.696889889890066724e-06
-3.774311169516702570e-06
-3.651247697947964115e-06
-1.614180654233910751e-06
6.330119432098896964e-06
5.783635501101024685e-06
2.295378040211796394e-07
-7.265345438615760341e-06
2.132420596901015916e-07
-9.316922316100626411e-06
5.282591687159291383e-06
5.640429853627363429e-07
6.369873782098724830e-06
-4.184059849911660536e-06
3.185795416356652064e-06
-1.706800368428210022e-05
1.588796874405690567e-05
-6.799366457535654579e-06
2.055504825404702774e-05
-1.583553398286436501e-05
6.056332139254484007e-06
-1.291743451091988479e-05
4.206228828396760002e-06
-2.980680035557233119e-06
1.909210336324709915e-05
-1.008003332023833793e-05
-9.247608188611687211e-06
-7.371121597220805317e-06
1.146860419433075911e-05
9.647585652372232663e-06
1.460684355409031730e-06
-1.066850916211676222e-05
-2.110575093234188441e-06
-8.045358103987064686e-06
9.853509845300091710e-06
3.729502784346279323e-06
