2.443627762113857645e-07
2.345188086532282482e-06
-2.590248344057196983e-06
5.571506450318766701e-06
-6.983855080466547292e-06
2.744000914839014974e-06
1.541791987889072938e-06
-5.027132308343911892e-06
1.376740340298691022e-06
-1.366864250677626304e-05
1.616584217883252643e-05
-1.003866622020546561e-06
2.592150635120442270e-05
-2.608653408701855564e-05
-6.663421225376300141e-07
-1.722795340997662806e-05
2.570221411662998681e-05
-7.816156801274876711e-06
1.908785753058293879e-05
-2.643052537663863338e-05
8.123656824232322409e-06
-1.932013390171220558e-05
1.834059797769769677e-05
-1.064538587237686800e-06
2.423129314394448811e-06
9.639064431652891304e-07
-2.510460803238646606e-06
9.752491317278579779e-08
9.526613749327866323e-07
-1.910721921460406856e-06
2.750114805905321056e-06
2.926761650270799067e-06
-6.198296832470343801e-06
-3.563704190980026041e-06
-6.406126286516162626e-06
1.271317303772927167e-05
2.501158460420378597e-07
7.044222758287722701e-06
-8.409906303471730688e-06
-4.704258820040467125e-06
-4.384576865877071866e-06
1.003258894144551974e-05
5.898652807450920074e-06
-8.961809976303284470e-07
-6.206451627329725963e-06
-2.198005712707494787e-06
2.000750074654068171e-06
1.608942210418197083e-06
-5.615906200943368895e-06
7.417919274360996112e-06
-3.538916269041545007e-06
5.103758595935336127e-06
-8.014672751136599780e-06
3.913716046476978949e-06
-4.248690024649571671e-06
6.875643578319876249e-06
-4.943840329844890026e-06
3.345770081171113789e-07
-5.477415867475292551e-06
6.951664858843457700e-06
5.063867735404072280e-06
1.006084132035478849e-06
-7.131469122885713386e-06
-5.273906319881708116e-06
1.518350959818245922e-06
4.391863030150569609e-06
-2.345104550145029395e-06
3.904020800554143650e-06
-1.508829680172273739e-06
1.150420308661518423e-05
-1.801453972729075747e-05
5.326066587489611037e-06
-4.305257452975286780e-06
1.821272082854631495e-05
-1.259565464311444544e-05
2.842657362528493533e-06
-2.056828805392060436e-05
1.660881617292227057e-05
-4.842059956180674445e-06
2.055787493594049409e-05
-1.479179792561055869e-05
6.377198054172469928e-06
-1.576644633779473141e-05
8.149179519854322275e-06
-1.577313654347632042e-05
1.839107005054427751e-05
-3.011131805813209996e-06
1.307711508698353612e-05
-1.182414084622453250e-05
-1.022785469469195574e-06
-5.409630177787929888e-06
5.153334759529320895e-06
3.766856075710629619e-07
6.133134889770916470e-06
-7.268697425925495139e-06
1.083682892526309516e-06
-2.842258617645044389e-06
7.665987972092088522e-07
3.644010741997453365e-06
-2.967398078688174219e-06
5.680050446748854278e-06
-5.354807893886022407e-06
-1.242502509831561954e-05
1.875756633207763230e-05
-3.432930714616236816e-06
1.206112856367230528e-05
-2.189583959425630785e-05
6.873958264262564088e-06
-2.131038836046993668e-05
2.990700563126399975e-05
-6.434031793825333831e-06
1.729760521494863270e-05
-3.045811606075599898e-05
1.039410919089124195e-05
-2.282617993307385030e-05
2.553485207312847477e-05
-5.895184307495870708e-08
2.282169661054999602e-05
-1.894345387435440552e-05
-5.664905648934411930e-06
-4.059079619048986981e-06
-1.370322580154267986e-06
7.565860273315846778e-06
-1.216986283205717219e-05
6.210184255880440366e-06
4.670612094126250100e-06
1.571893142428330375e-05
-1.964076833440386676e-05
4.848998732022625656e-06
-3.891384002100012476e-06
2.319740364917975651e-05
-2.352299631353953923e-05
3.040937497161422056e-05
-3.148787172299511740e-05
3.315147289070962457e-06
-2.806619347120495702e-05
1.496855368898044727e-05
1.125765441993035277e-05
2.021001005138739029e-05
-1.142464209126920334e-05
-5.749322056142263122e-06
-1.416341665137983683e-05
1.338726719148855825e-05
-1.758334218983044413e-06
1.058119032489337376e-05
-8.464642287665936459e-06
8.377973124623489518e-07
-7.394812064116398047e-06
3.006045158101506112e-06
3.188017657700341882e-06
7.999248112269860924e-06
-5.505752477958861794e-06
-1.455951954984674218e-07
-2.689663764652107909e-06
6.438061038275777562e-06
-4.863937399893957684e-06
-1.117612197395260163e-05
-3.534923413511893288e-07
1.210540803335301960e-05
1.421271297914189757e-05
-1.812235291735133540e-06
-1.278269310910407400e-05
-1.677827604183390283e-07
-2.598535492515927959e-06
3.295427834661244522e-06
-1.918032112691637505e-05
2.088840820179959929e-05
-9.692534971623859106e-07
6.747504967746872256e-06
-2.002162672775552199e-05
1.170791949458720723e-05
-8.141793692904949787e-06
3.024061235628497081e-05
-2.078431478820112380e-05
5.872655683888305451e-06
-2.307321696927632719e-05
1.674239008774965564e-05
-2.719305127451228024e-06
1.150030522521487916e-05
-9.116190410389579045e-06
2.074862882555880174e-05
-2.276022201833750053e-05
3.330571005325288277e-06
-2.140034577180464659e-05
1.571106395645346113e-05
5.234269857761378688e-06
1.225613960313162558e-05
-6.684756285944574365e-06
-6.284262661496268229e-06
-1.470498368095266379e-05
1.208135879247386208e-05
4.249767552796243565e-06
4.313164089697898524e-06
-3.239603159248536827e-06
-1.907898214482162981e-06
-1.910637649737323185e-06
-3.997172736713092286e-06
8.904995307153845213e-06
1.137375278959929699e-05
-1.749089653010333338e-05
3.098376600446299208e-06
8.132247960546788940e-07
1.127539090662705120e-05
-9.880173747540340557e-06
1.869400130368054972e-06
-1.459274870681349841e-05
1.117407707994813041e-05
-1.303194410749112381e-05
1.995248347284889488e-05
-5.076636615922589310e-06
2.602061254988604310e-05
-2.032580522287119875e-05
-8.974105851796158797e-06
-2.566825033799351131e-05
2.073712539931676615e-05
8.841602763088369404e-06
1.059381474347322028e-05
-6.017660022011620479e-06
-7.528603470224969724e-06
1.166695295304189443e-05
2.827769560718306770e-06
-1.372552270634879389e-05
-1.985841083584337114e-05
5.953594383309329346e-06
1.512730755372541656e-05
-2.698732462344150661e-06
-9.949673918743529168e-07
4.878351657297929473e-06
-2.107495621208161057e-05
1.638563600601324234e-05
6.157542547389935205e-06
1.837381719382932420e-05
7.251098479518097874e-06
-2.658929549387710448e-05
-7.290521039511397513e-06
-2.013993419752678539e-05
2.544410766774702463e-05
4.116993675548252834e-06
5.611443512727314628e-06
-7.826774411129522983e-06
-5.932493245443753267e-06
5.500059595540780712e-07
3.555270858101256470e-06
9.370254860727015195e-06
-7.721853067008850466e-06
-1.707364739998357126e-06
-1.426486343239178145e-05
1.325450882936143791e-05
-2.834742933729415576e-07
1.070407207897651831e-05
-9.937779410135034433e-06
1.732480282943749052e-07
9.226050641302859649e-07
6.792154482170103494e-06
-8.862132177585216303e-06
-4.331837877997232050e-06
-7.252996014758940670e-06
1.217988461031006565e-05
-6.853510412404938265e-07
9.972273038481823716e-07
-1.111963968317696919e-06
2.071985055779741432e-05
-1.628950828746164963e-05
-3.723127639030618096e-06
-1.034081449968422509e-05
1.458047809364919277e-05
-4.509902981029591438e-06
1.761640095392235533e-05
-2.803467154274999999e-05
1.161935267142249668e-05
-8.541449546527378830e-06
1.373934159155418454e-05
-7.290089256033487316e-06
5.195417844712491278e-07
-2.257526817259780942e-06
3.638911945170110083e-06
-1.399485283540329584e-05
1.534688464028745477e-05
-2.386139103856445157e-06
1.438197913884351780e-05
-1.041861951695393246e-05
-3.792561741163615356e-06
-1.002088327630210442e-05
4.694409136461261535e-06
6.843434685480754643e-06
1.548625588137357860e-05
-7.469978090605665388e-06
-1.027031896290138082e-05
-2.309369535081497692e-06
-1.414383983589659007e-06
4.462637594198120216e-06
-7.464816516460674397e-06
1.539153544120752483e-05
-1.116168825425239142e-05
1.171156764097985127e-05
-6.073060333164832959e-06
-2.405013220470919767e-06
-2.113770650998740311e-05
1.114101356843213484e-05
7.275111770365744746e-06
1.695967602472143307e-05
-8.626730263886418402e-06
-6.414248016207289334e-06
1.977643870316274084e-06
-2.754631689091230454e-06
-1.357449046599763863e-06
-6.581979223246044815e-06
3.648952738093380724e-07
9.473500652865040283e-06
3.771103763142153706e-06
-5.628166082839732536e-06
-2.473994050709115404e-06
-5.520858391339751154e-06
5.778150190422559276e-06
1.926715941386066424e-06
1.735833738399882302e-06
-2.225317772430128444e-05
1.939637172817173112e-05
1.086251199812879166e-05
1.214270831714552387e-05
-2.209951069139938604e-05
-8.907852118551065271e-06
-1.534040631018171983e-06
7.202776403733987873e-06
2.108441102813060896e-05
-2.429981646748054759e-05
2.359099379290850328e-06
-9.913438505555046342e-06
-2.394604570418058375e-06
1.351919000640592407e-05
-2.081807686542858600e-06
2.216882512628964982e-05
-1.864026401589515255e-05
5.546173617636886459e-07
-6.510465814234427849e-06
5.036791208247689454e-06
6.382049991708663151e-06
-1.910081768126253301e-06
-4.524523084176380988e-06
-1.155057425490140229e-05
1.182117262393482951e-05
8.586959508308426064e-07
1.497384019017197987e-05
-1.630378910109131336e-05
1.730180914873839825e-06
-3.128996307097526815e-06
6.720578934064089585e-06
-4.010406787173136838e-06
-7.468844269887230520e-06
-2.535043694139764434e-06
1.107447308254373670e-05
8.087755751267052535e-06
1.691242924731772371e-06
-9.751769657194441393e-06
-1.393406632016037461e-05
1.589993799212271281e-05
-2.768695245704818517e-06
1.500303436366174915e-06
-5.963050055233907630e-06
5.151962757066935375e-06
-4.936591912416258860e-06
2.196390626233451105e-06
1.461765730175146205e-06
-4.091081874443123372e-06
9.266513137338913800e-06
-5.321766508198234164e-06
1.634850447416541725e-07
-1.491277103129044275e-06
2.352490810530673173e-06
3.820724080309708922e-07
1.898536555047124945e-06
-2.808024686559476722e-06
8.583122585133381549e-06
-1.150648689255055041e-05
4.190456701246684265e-06
-4.402267499486919563e-06
7.878122940920852506e-06
-3.669526991008917934e-06
4.117228940283981873e-06
-4.863298683420163996e-06
-3.171335500539405883e-07
-1.034620567376189160e-05
2.192984141154876560e-06
9.208279597458579396e-06
1.011216523904063825e-05
-5.216425667899869781e-06
-5.630223099014419828e-06
1.716645791896276974e-05
-2.909065075941619027e-05
1.289070869023479252e-05
-2.958246763209250912e-05
3.326725715496350015e-05
-4.760116949226846363e-06
3.262020766783352765e-05
-3.149752261639339880e-05
1.154417060940873146e-06
-2.821335678441718478e-05
3.199686700093117546e-05
-5.723207591421004820e-06
5.323368927934622269e-06
-1.460786869461360219e-05
1.037557984584606973e-05
-7.060812482023085437e-06
1.990028690797614270e-05
-1.306269801778373523e-05
1.255697917680734105e-05
-1.310611734496492129e-05
2.447146919355287850e-06
-2.187253159794519683e-06
7.051014681544412764e-06
-6.619082672918534922e-06
-1.012343098172401748e-05
2.020176955891305257e-05
-8.375331974279067110e-06
1.539243506295359703e-05
-2.219146734247692736e-05
5.054785940244325493e-06
-1.397876936505433848e-06
6.389954899899374287e-06
-3.336988045273656997e-06
-2.059820596639505048e-05
2.679322745309762217e-05
-1.461670193286135032e-06
1.033687910583903017e-05
-5.202862247679535294e-06
-8.918434472335014796e-06
-2.201783167606442834e-06
-6.680368415183223296e-06
9.915662732197732756e-06
2.941352442952709176e-06
-5.482352285809227157e-07
-3.486730261388032128e-06
-8.195774907769271173e-06
9.655594043270074789e-07
8.530273435697327257e-06
1.155415252062538643e-05
-7.195040852533746058e-06
-6.198653308115055103e-06
-1.400469215720045137e-05
1.087232889838768155e-05
3.408922783174815575e-06
-2.379847559074395650e-06
-1.132586263036281600e-07
2.169068493163214004e-06
1.272064629668705472e-05
-1.342734578445289181e-06
-1.131250208529605786e-05
-1.240525537855964586e-05
-1.176058176077594529e-06
1.206517575679951932e-05
1.759597411528398048e-05
-1.406541954421634556e-05
-1.922729108142702558e-06
-1.020246875625721246e-05
7.721624755670946673e-06
2.230298039888925331e-06
9.881438435548599246e-06
-4.776412779544013265e-06
-4.026232373013839778e-06
-2.206093581512079112e-06
-2.083195113369593694e-06
4.791490949155817515e-06
1.594459136903442523e-06
-2.925939748642601538e-06
4.858187199052320555e-07
-3.705089752362164600e-07
5.856206712286617035e-07
1.599274883971734545e-07
-1.084259375231554556e-05
8.797673830619730598e-06
1.241012425083460832e-06
2.880183513201846877e-06
-3.948262196886920196e-06
3.506854517838897526e-07
-4.370668480529536563e-06
-5.036383142418749174e-07
6.487244511183971863e-06
4.886847582873542933e-06
6.606183974972677634e-06
-1.239993023876290930e-05
-2.824700089142898903e-05
3.010964616590605607e-05
9.521746590162474106e-08
-5.403058257837941398e-06
1.023730675768712674e-05
-6.253077376670318572e-06
4.745912177027663435e-06
-1.242405752683328440e-05
8.919477689395855516e-06
-9.140290879218163523e-06
1.109646865120774274e-05
-4.492004099622751417e-06
1.737913666679930772e-05
-2.447401593521529174e-05
9.941269184036543574e-06
3.219462319399750899e-06
5.315867757570063375e-06
-1.112196081096281845e-05
1.276401052150287715e-05
-2.554831226617471670e-05
1.325280962002887042e-05
-1.961056147250117660e-05
1.288542570187433988e-05
4.780550325235098789e-06
8.228871986484122446e-06
-8.573422001634246859e-06
1.619505106949555283e-06
-8.161590040318720076e-07
-1.184331065069115014e-05
1.217985158982514953e-05
-7.183591651007016423e-06
7.381763978137677348e-06
-6.858361130317064424e-07
-7.280875931885019909e-06
1.463529260530754204e-05
-4.954386356451914529e-06
3.503399633267801022e-05
-3.917966025412121837e-05
-5.573755301853022592e-06
-1.599049410165904683e-05
1.692093508057054471e-05
5.758254996220107659e-06
1.680939448085131283e-06
-9.944211236957865629e-06
6.360549910889570432e-06
-1.156605690217619200e-05
1.586086848780020789e-05
-3.480079897765104706e-06
1.786726112748012637e-05
-1.291264048459383251e-05
-4.921505942691007757e-06
-1.366302355207381572e-05
1.465893680367982541e-05
-1.092828296508064853e-06
1.853271603982729949e-05
-2.061540613297587409e-05
3.033915404483327431e-06
-1.055803813551577141e-07
8.120755770845263172e-07
-8.256558381268873220e-07
-9.054419210440319162e-07
-2.406001853857625276e-06
3.577649880887380461e-06
-5.109704895988678922e-06
1.301587112369483101e-05
-6.414560554717342269e-06
-8.056001614648312836e-06
7.523131240589790575e-06
-1.700371442557337741e-06
4.574037299777193013e-06
-5.489392086393814203e-06
1.592185562615170926e-06
-3.478485073251427102e-06
7.034665030472027060e-06
-4.621633816776230937e-06
1.395467434608028040e-06
-4.162293317555226867e-06
1.991742694710773720e-06
1.194727338518239781e-06
8.897782168523373473e-06
-9.025992232259455770e-06
-4.148315716168603175e-08
-8.670751708340795029e-06
6.846361724539380274e-06
8.344526184009856511e-06
3.094984880611411474e-07
-7.181813841833217121e-06
3.462598976365473740e-06
-5.335605638112279845e-06
1.060940494837692730e-06
2.980038932138715660e-06
9.347933125043055203e-06
-1.163229070951772058e-05
-2.797449044585321074e-06
-1.179723371941934263e-05
1.496220378350678610e-05
3.590679029871960532e-05
-3.866140259023489323e-05
2.501762670977169211e-06
2.424081625100039624e-06
-4.325578897688325795e-06
4.639514818979850650e-06
2.287235262910967273e-05
-8.243294798945029894e-06
-1.562699670601341379e-05
-1.385980543258416735e-05
1.014182043893812441e-05
6.992575700260673672e-06
-1.128683749447478816e-05
1.618222704617418799e-05
-8.210331925109706498e-06
-7.931131818660749417e-06
7.351982585920008978e-06
4.440666279668019172e-06
-1.422736298172512268e-05
2.822258035153448391e-05
-1.435395816167345332e-05
1.653486750274415056e-05
-1.102363781629184495e-05
-3.092110652056529816e-06
-4.874036240851124547e-06
4.975877363668015308e-06
-9.665579839244637590e-07
-5.958908983929097632e-06
1.776172289954165457e-05
-1.057892334544202576e-05
1.904817808304597464e-05
-1.173446822404141227e-05
-7.701786676822367400e-06
-1.571908257021098327e-05
-1.380468281692352221e-06
1.710348143902415391e-05
-8.000138906507452526e-06
1.869163167181077582e-05
-6.352985962393336368e-06
1.167765973526259394e-05
-2.241828106624909616e-05
8.868542028270010678e-06
-1.227782543791929444e-06
2.640812568335758315e-05
-2.647153747169859786e-05
1.284849477239160195e-05
-2.160417803913740678e-05
9.642666177311648451e-06
-2.266329525469739300e-05
1.186740905011623969e-05
9.493779518895622231e-06
9.336373115712093902e-06
-4.760783322744716951e-06
-2.973402548731712497e-06
-1.654000282051950108e-05
1.291429234174694608e-05
2.438190866786755874e-06
-5.020844563687715619e-06
6.643829578902753487e-06
-1.993990182393850046e-06
-3.727559372687658728e-08
-5.587586485472912552e-07
7.274407167999395144e-07
1.429714238855730184e-05
-2.102797094309638074e-05
5.715679277836091264e-06
4.094406626104148025e-06
-4.836990350528141516e-06
2.052229801183145060e-06
1.237045278710645925e-06
-1.251279471579218022e-07
-1.910395406884301568e-06
-8.430531707853980243e-06
-2.546057047132985660e-06
1.173312540515532476e-05
5.433055932901099418e-06
2.615614395373757326e-06
-7.948255697404451778e-06
-1.039973973561894431e-05
-1.664739223216367794e-06
1.271052846819950764e-05
6.988103187936565045e-06
1.283106462062491110e-06
-7.938556629240527509e-06
-1.429395436976690345e-05
6.903554616752471853e-06
7.216863846834652529e-06
-1.319454764586311596e-06
7.524314609508300295e-08
9.199205737661987488e-07
-1.073250645858341647e-05
-4.418509367241372962e-06
1.455859553002648876e-05
1.219182379958456744e-05
3.099554774882227581e-06
-1.663868016675915654e-05
-2.767649731057146076e-05
2.965888867414657239e-05
-4.091041310105245979e-06
-6.536581688731002860e-06
7.816607110462083158e-06
-4.132513477213412814e-06
-1.796426440858942032e-05
7.498635148932724411e-06
9.313370859590108282e-06
1.834080047138443218e-05
-1.626617035724442761e-05
-3.396604717684685397e-06
6.430202524515724604e-06
-6.149503461590253119e-06
5.308557470413063635e-07
1.168105910844113239e-05
-1.639449999663994260e-05
2.974372535752235411e-06
1.692834553281751531e-05
-3.117377610488529527e-05
1.344200882480718856e-05
-2.006544653807329400e-06
2.098609666080438301e-06
-1.137157048628943495e-06
-7.956029157926330827e-06
6.675243695615854634e-06
8.137008222653044348e-07
1.578723090601544173e-05
-2.029173061298292384e-05
3.365542541172797532e-06
-2.828324103168425267e-05
1.907625253901711144e-05
1.111594270223071807e-05
2.924843849607204532e-05
-1.698861844969198502e-05
-1.440383669364024856e-05
-2.066426681204809959e-05
4.746586518132623353e-06
1.592004278883971864e-05
4.909634776965224025e-06
1.150268054441303840e-05
-1.720330046418465158e-05
-2.951529814614564136e-05
-1.215408989099733448e-05
4.213797884438145146e-05
1.049818419712036072e-05
3.647000268450574623e-06
-1.529062826827161999e-05
1.511027522837237635e-05
-1.980283596733239699e-07
-1.278695732901250669e-05
3.080996930344331918e-06
-8.695005787275780058e-06
4.671216238669239978e-06
3.758096876647268444e-06
3.034188594009342372e-06
-7.241398520188624453e-06
1.058548955881271641e-05
-1.344441767404913715e-05
4.912910923651128551e-06
-3.583656777312517363e-07
1.008157626245993787e-06
-1.634098655748722961e-06
-1.678700668071731668e-05
2.435445451976420351e-05
-6.491499130143140562e-06
-6.759103548503431452e-06
1.036080325297542145e-05
-4.516791907637522813e-06
3.396367943151606689e-06
-7.108949225415873670e-06
4.498917003599725779e-06
6.791504305634646165e-06
1.447354973993878748e-06
-8.039244972019932503e-06
-6.714238561409204617e-06
2.118172504324693667e-06
4.781045261951193662e-06
1.423300793447819088e-05
-3.273727545910970344e-06
-1.099889632370924965e-05
-1.011438993317193488e-05
-1.655942807796050519e-07
1.055037856383951562e-05
2.014500381574087283e-05
-5.680882867796481917e-06
-1.354713352467193464e-05
-6.010559309881702202e-06
1.226659425344176730e-07
5.909028969099661935e-06
2.980546756928834770e-05
-1.475052583161909114e-05
-1.424462990665597431e-05
-3.636409104946900948e-05
2.246838566211853524e-05
1.656925748007278537e-05
7.801197199043255067e-06
-1.763580239096090147e-05
1.125780088137923967e-05
7.188424394005736790e-06
-7.495784672900198417e-06
2.941860758709362886e-06
9.326723949327704710e-07
9.065852985251467898e-06
-8.391767259028763318e-06
-1.253119740793726906e-05
3.986402001386706560e-06
8.323691882930364487e-06
-5.750708467919679747e-06
9.533346621990060690e-06
-3.407217664351244111e-06
-6.235664808865855394e-06
5.956154047688591726e-06
4.211075436740612204e-07
-2.891231943415672494e-05
4.188547678399107517e-05
-1.257190171300041212e-05
1.384525088684417099e-05
-1.919343710351851834e-05
6.663634152127315233e-06
-9.375091192988572634e-06
1.362720203860333281e-05
-4.086611103380600823e-06
-5.647396010871670652e-06
2.538711281841827600e-07
5.441346000395363533e-06
1.435551256604825047e-05
-7.960026583426478119e-06
-7.041712959869425066e-06
-1.112172934744920318e-05
1.100906365001793025e-05
1.571788654443738177e-06
1.897776765610062095e-05
-9.896690247264891267e-06
-8.435092659591059253e-06
-8.617788864200105756e-06
-3.155986090107432666e-06
1.224735144431117310e-05
5.896453869553790449e-05
-1.195386413339739846e-05
-4.479986147969944847e-05
-3.737767691636346198e-05
1.618566176418080902e-05
2.082330857956871746e-05
-4.546118946779231654e-06
-3.177334777196927009e-07
2.812213296241257746e-06
-3.426809720847600097e-06
5.102425148055907363e-06
-7.385037101300355586e-07
1.655393930627814962e-06
-8.987236291294243727e-06
6.585828508717395593e-06
-7.772257681177405347e-06
1.233574627413142589e-05
-4.989385171881982934e-06
3.192866731629575108e-06
-4.895191272071606310e-06
1.447114821816299585e-06
1.891078297666282481e-05
-2.214045765893401938e-05
3.427411805457843271e-06
5.120265535557760124e-06
-1.444533406741078008e-05
9.110689960993533090e-06
-5.660372855378333561e-06
1.574946452541012965e-05
-1.019522455801618401e-05
4.868967659245144028e-06
-8.090432007332320916e-06
2.602696192315700439e-06
-5.983036139903044750e-07
-2.208057232787062119e-07
7.239962021906190058e-07
-5.108144025758600367e-06
3.170145870500069718e-06
5.382369859572598884e-07
2.869076130336415867e-06
5.888571318389642962e-06
-8.890617227343831821e-06
-6.464998990979800998e-06
-1.038536813922610725e-05
1.554022417673041887e-05
4.473650115016148293e-06
8.604935770512087671e-06
-1.261034704846853350e-05
-3.397263510655637516e-05
2.071034699234778828e-05
1.258048388370049472e-05
5.328139559337455278e-05
-3.637829640887393641e-05
-1.857172741419347092e-05
1.458071038245602113e-06
1.114812680716552928e-05
-1.312765493123430434e-05
-4.394786050675815242e-06
3.888455068417587430e-06
-1.588491698056103516e-06
3.821529978668087782e-06
-9.594662435003088296e-06
4.713181936565456905e-06
8.691876445781757785e-06
5.865417255741001585e-07
-8.634689437109677431e-06
1.371928866567254411e-06
-9.917558543191447860e-06
8.473257305160403758e-06
7.621608602097206008e-06
-4.878176613314656560e-06
-2.754213745735513460e-06
9.580476779392970506e-06
-1.644241238217952411e-05
6.481782709316239106e-06
3.516030277434041194e-06
-7.647636901760380818e-07
-3.868458822718141870e-06
-2.178642318313442183e-06
-6.577276663646332993e-06
8.201880009657217939e-06
4.870035325382249968e-06
4.570183355449108475e-06
-9.374184046862462402e-06
-4.775319359083587189e-06
-8.878207860469950927e-07
6.213922672479861949e-06
2.271438660255571889e-06
-3.650612093085207246e-06
3.325191155169558360e-07
-5.661874188767559148e-06
2.587044197602154969e-06
2.534562258080957230e-06
6.553031698312949221e-06
8.759816019904119742e-06
-1.430360954295537083e-05
-5.154690682637050260e-05
1.925637981874596014e-05
3.030273901944380098e-05
3.498809549553473606e-05
-3.203927722436707484e-05
-2.560678317060439944e-06
-2.976389587922476077e-06
7.765139663067377213e-06
-5.175800986024432283e-06
-4.024723883583477911e-06
-3.005648836883739316e-06
7.955866739153739947e-06
-8.806482965451279061e-08
1.083483786802814410e-05
-1.117991548618307680e-05
-4.268512770103804133e-06
1.847845052543804328e-06
2.420236279119456342e-06
-3.682027254815462800e-06
3.441533410252081097e-06
7.839836544961798599e-07
-1.293622995894990378e-05
1.603904829356772620e-05
-3.811434076548388605e-06
-9.905575085468054116e-06
1.787518385000527537e-05
-8.332910692195041736e-06
1.282449778156342015e-05
-2.068994568846318856e-05
8.331518553709377011e-06
-1.303798579318150811e-05
8.456190388070961771e-06
5.262856939506486539e-06
6.156719852946235198e-06
-7.101747096810888645e-08
-6.479949507668874507e-06
-7.956418790970724682e-06
1.098423397811646875e-06
7.562845114210816971e-06
4.934799388172392024e-06
-8.155598037735864821e-06
3.757285651496873071e-06
-4.820284187213317369e-06
1.838588795217739743e-05
-1.295629522743134781e-05
-1.147007095477574324e-06
-9.315256971620111410e-06
1.029913377230541499e-05
2.146939498047287966e-05
-1.757027439643677510e-05
-4.383454073223915057e-06
-4.163365465392679778e-05
2.797005946988258241e-05
1.415487086120741366e-05
-2.254269641162048464e-06
-1.052702055121384689e-05
1.238982638349610046e-05
3.707451819958657810e-06
2.120288229458278941e-06
-3.639476311688120025e-06
-3.783095369653711941e-06
1.661690090932714520e-06
2.182864297276970744e-06
-1.004416618607808147e-05
5.550044504013355048e-06
4.499519360652095727e-06
7.615808211340047547e-06
-2.471951176015325507e-06
-6.302353411357543284e-06
-1.740573835491310921e-05
1.758566203724804287e-05
-1.591341748070902318e-07
9.255175179507010825e-06
-1.050642641894009118e-05
8.216240953471011312e-07
-1.826482731344083099e-05
2.107308053662235365e-05
-9.874278281399033772e-07
1.749043241628105583e-05
-4.892129046251186608e-06
-1.339572239917325970e-05
-6.267793601610729731e-06
-3.361255066136249232e-06
1.106115715270546883e-05
-4.129627539453053651e-06
4.243422805205834439e-06
-2.099403295678758371e-06
4.609263713949756912e-06
-3.705487713015622820e-06
7.057200750661235772e-07
-4.516356872381104594e-06
4.698938148147868150e-06
-1.328052351350316405e-06
-1.992292967895278221e-06
-1.086352651008045550e-05
1.189220138872677099e-05
2.434946553660327878e-05
-1.096580364735509516e-05
-1.255240675178574409e-05
-9.702214809233915643e-06
2.476019939548568800e-05
-1.443637628992786385e-05
6.090408035783647552e-06
-8.964384715954012173e-06
4.513794058810997761e-06
-2.359396357330280206e-06
8.610990773949381315e-06
-8.930189645122165959e-06
2.514028706727003863e-06
-1.154283547603670044e-05
1.177831832336797825e-05
7.950194496399060163e-06
-8.528031365542691132e-06
-1.335798477660648712e-06
2.989883498035145110e-06
-7.571821691472419168e-06
5.643025933493963315e-06
9.537651859799288384e-06
-4.298827844542335743e-06
-4.268014699279518867e-06
7.082174911531829834e-06
-2.203071053750647429e-05
1.498319632623859688e-05
-1.035070776960268890e-05
2.525770177972558813e-05
-1.522754447559788496e-05
5.992856049783034484e-06
-7.346469398380537220e-06
6.556178959549791745e-07
-3.464976961751666814e-06
1.866725243398514221e-06
2.006963508859035179e-06
9.783760929636030551e-06
-1.688368320744271827e-06
-8.360126547130211476e-06
-7.841807595261130679e-06
3.641443022644132960e-06
3.880544788759423267e-06
6.875741566551447554e-06
-1.418629456722523062e-05
6.540159917248412579e-06
-1.599209452518387402e-06
5.425208504453402012e-07
1.560370716697403299e-06
-1.352936280802014688e-05
2.608852997252452267e-05
-1.287262829180595993e-05
2.374739562924416993e-05
-2.191251101726741116e-05
-1.906919346590295555e-06
-3.204074661796924851e-06
1.495416936074788153e-05
-1.206302913594141770e-05
3.591122966842424133e-06
-7.464648351700582879e-06
2.988990506841944571e-06
2.251818505327244277e-07
-1.382570096698576079e-08
-1.151148964156713836e-06
1.375755130534963749e-05
-6.637535368806179650e-06
-5.912392739232059447e-06
-8.291199942252264540e-06
1.280145190858772460e-06
7.174828230126476019e-06
1.150255233324879177e-05
-1.144155819755492489e-05
8.565086897000352963e-07
-3.578598847537468321e-06
7.733935834711004481e-06
-4.664667443744056771e-06
7.061419608867403069e-06
-1.438617139510118666e-05
6.897211383314408577e-06
-1.130478983617780718e-05
5.704027678887898652e-06
5.715095060245818282e-06
5.313233470163410317e-06
4.437835299573655108e-06
-1.067171536088934358e-05
4.799027732390283491e-06
-5.155329896205988706e-06
2.034833531024810615e-06
-5.780302675200597751e-06
8.278172064875661060e-06
-2.722628559151762823e-06
1.584190048906084351e-05
-1.299646398834027623e-05
-2.093404854536848394e-06
-1.018673979989511845e-05
1.022622228226112307e-05
9.638514320113758624e-07
2.072438657826484556e-06
1.173592247580505150e-06
-3.338993557044570823e-06
-1.820293523525863796e-05
-6.152386020037032557e-06
2.221529606670597195e-05
2.551981089442367819e-06
-2.017223556081298476e-06
-1.844417777537802478e-06
2.048685931662288570e-06
-3.235106619689258800e-06
2.596577283039108906e-06
-9.127791896443092590e-06
7.465013042981891793e-06
-1.781834312156149240e-06
2.503592626916098515e-06
7.259038384977873899e-06
-5.498437871835445113e-06
-6.095494605436338156e-06
7.841395489023679705e-06
-4.173744922882088740e-06
-4.531991550071081341e-06
-2.797960413548328060e-06
7.968291975604212122e-06
-8.381342693466172506e-06
2.192328254896491413e-05
-1.584042911561384207e-05
1.312987796364517744e-05
-2.236175262353138328e-05
1.183957788197633742e-05
-7.954990603248472848e-06
5.526578470475802747e-06
1.315582549960253155e-06
7.853945336915549882e-06
-5.058803528410128108e-06
-2.393179720462137295e-06
-1.312956814678402291e-05
1.206625421531766661e-06
1.200854703310831617e-05
1.219665413627600919e-05
3.163841900466245947e-07
-1.166380450420309167e-05
-6.443098833971371123e-06
1.060268110032280657e-05
-3.742219410428459161e-06
3.942866393929100633e-06
-3.042925929535094060e-06
-1.198077862128929392e-06
4.659321525177820652e-06
-1.870792250156635614e-05
1.349342618770941939e-05
-1.189012372518533449e-05
1.160455158387363746e-05
1.227932711241927325e-06
8.772922417624536665e-06
-2.019772960375066230e-05
1.152874504629351510e-05
-1.090145379596697952e-05
1.523689369009913880e-05
-3.727795391508238428e-06
3.256075802121924612e-06
-8.267968994362045012e-06
5.358653159208297322e-06
-1.544500159461343735e-05
1.685298467049942155e-05
-2.655270997836968022e-06
1.807231022807415011e-06
-6.217817078018373318e-07
-6.299976615639898888e-07
-3.969166896739631951e-07
4.424496468647357688e-06
-4.078976967057775505e-06
-2.129974878828721439e-06
-5.314690365555815192e-06
7.557294404255784546e-06
-1.899242157918884947e-07
1.574667488671424370e-05
-1.491834694391735668e-05
-1.738672898480238586e-06
-1.185427964857287043e-05
1.231639946425921252e-05
2.641815277899206720e-05
-1.594297286287789427e-05
-7.801574512389608746e-06
-3.807618883660696807e-05
1.619368420688999970e-05
2.071663090031641155e-05
2.312396180567478229e-05
-1.511949645707574169e-05
-1.008111384884851459e-05
-3.275633617600778343e-05
2.080932493420609836e-05
1.208907468810648103e-05
1.880779547573595257e-05
-8.986776235882590076e-06
-1.249409257083681211e-05
-1.319396929251930595e-05
1.169725536219623241e-05
2.463665464825890046e-06
2.762627061491521784e-05
-1.427067324791013653e-05
-1.138662264742177503e-05
-2.169744810798491139e-05
1.319701900099643211e-05
8.298597849879635856e-06
1.822667601488214917e-05
-8.675640103881507921e-07
-1.582164488990371549e-05
-1.082206320984813150e-05
-5.036954642763423820e-06
1.610216266904157637e-05
-6.776405775607399195e-06
-4.432602519849096378e-06
6.424203797538566791e-06
8.761792169991649830e-06
-2.694238451635393516e-06
-3.222858096734009659e-06
7.336257858065070535e-06
-4.774536811751231406e-06
-3.743825314020441210e-06
5.139813646441216136e-06
-1.401048569754411707e-05
1.285215328665623424e-05
-9.688472985834558073e-06
1.763811805503673043e-05
-1.124289059955562212e-05
5.839323575662914042e-06
-2.607965202990208659e-06
-1.786479092267314845e-06
-1.077108695994146432e-05
1.066464473988230521e-05
-4.124940742458315845e-07
1.675612219324253084e-05
-1.027473579531729219e-05
-6.018369501844000630e-06
-1.417354181796605239e-05
9.119509991603749017e-06
4.180661149602741069e-06
7.848145402204369177e-06
-1.843479951696304472e-05
1.002029693333138322e-05
-7.815026777253549753e-06
2.111192878987971103e-05
-1.248402489039915719e-05
7.078986892451490369e-06
-4.912217744725119652e-06
-1.623490283598870302e-06
5.241059769710820478e-07
5.227507668836118716e-06
-6.139492728775508773e-06
-1.208897183460768336e-05
2.049292776290913363e-05
-8.458625728422770179e-06
1.332399414056645260e-05
-1.382911561648387453e-05
3.682745874954352532e-07
-6.882927075014605233e-06
1.044011779466077142e-05
-3.671124599002759071e-06
1.285324495746684089e-05
-1.821676883331302328e-05
6.670734526022490020e-06
5.038484943323390648e-06
-4.406508817852853102e-06
-1.693036498816327765e-06
-2.091993630178025593e-06
7.138399493066443683e-07
1.272967772903097966e-06
5.903594828624460623e-07
3.733937053988554782e-06
-4.240154877915637723e-06
6.140822097449853841e-06
-1.691409668805696914e-05
9.913361500785430278e-06
-1.175006612690053970e-05
1.597220697230930555e-05
-2.196337294547232852e-06
-1.404324228380015542e-05
2.081506027212550304e-05
-1.038784551748859797e-05
3.319772775303366533e-05
-1.618059614098406139e-05
-1.705128637884921326e-05
-2.605856785372146964e-05
3.412386953343970905e-06
2.549792313049665195e-05
3.391420807534814433e-05
-1.029846454752942184e-05
-2.291125215163763464e-05
-2.385740766431257074e-05
1.017687900994518491e-05
1.383763095252013320e-05
6.100993890517784652e-06
-2.761528181710850080e-05
2.146997752646822568e-05
-7.338116912826391213e-06
2.484580758939951886e-05
-1.868652829449382453e-05
9.950119045795014305e-06
-3.653971070655022819e-06
-4.316670071698973348e-06
8.027906623321730037e-06
-2.318377930165571959e-05
1.427078188921384667e-05
4.686354403996181490e-06
2.654560620422267105e-05
-2.938766762052078522e-05
2.098855202397989199e-05
-1.033571656353365282e-05
-6.492901221184673725e-06
-2.924363516625402235e-05
1.616879048582623257e-05
9.569192130709504274e-06
7.943050374220133697e-06
-6.211197289925273954e-06
-1.061202776265192475e-06
-1.832606137609079456e-05
2.258223045649974766e-05
-7.529257633215383544e-06
1.344363689527489186e-05
-2.023489384958086898e-05
8.865851107501105421e-06
-5.086887982327458044e-06
-3.028451179980856455e-06
7.174582660371911925e-06
1.249764804865013189e-05
-9.521867880813242053e-06
-2.339527332685360452e-06
-1.704616181213275327e-05
1.045249884726771072e-05
5.506037672218959454e-06
1.093220054580322005e-05
-9.467266722616933229e-06
-1.006108349650190214e-06
-6.503085520536194337e-06
1.781407268396660896e-05
-9.916344804857276683e-06
4.654084649318767031e-06
-2.293727051982869645e-05
1.590506474209354016e-05
-9.296850099738992432e-06
3.169688796888890698e-06
6.235558728466928882e-06
4.656724841804482706e-07
-1.001533586827763087e-06
5.966354159250097071e-07
9.073413386021224406e-06
-1.426279897930665203e-05
4.329324686058626720e-06
-1.225252261105352737e-05
9.550188466487440292e-06
3.753305672746035657e-06
1.092873299272197902e-05
-1.461928794689931611e-05
3.867266441187379715e-06
-7.754845865983307521e-06
1.844298515106802637e-05
-1.158116323926313875e-05
-7.331886523762069167e-06
-1.609890137733741171e-06
9.874494012439988673e-06
3.762295828077690782e-06
3.919215603035422550e-06
-7.753942999278092154e-06
-4.163545354311855526e-06
-6.702720770734873889e-06
1.063684406315408866e-05
-2.086342804624205353e-07
1.017225123612540294e-05
-9.480765968098578685e-06
-2.933779247358045457e-06
-2.157691088586264930e-06
3.061658405917637847e-06
7.575232745084516526e-06
-2.014447318071193089e-05
1.611943426497655782e-05
-6.372953082236158362e-06
1.398753201818629411e-05
-9.078099077316738118e-06
1.229836107977311642e-05
-4.654188530390070480e-07
-1.105254562476329523e-05
-1.242051644088653205e-05
4.673398717879270509e-07
9.643601913038822842e-06
1.627069915693418230e-05
-6.782432194135005362e-06
-6.572304487719242384e-06
9.970097818830961318e-06
2.573997798817807028e-05
-3.701206591559575999e-05
-6.103625800789493880e-06
-2.063731001252372478e-05
2.903546337833530139e-05
-5.881968056468103365e-07
-1.216715226712204253e-06
6.970397941273069283e-07
-2.459251073870844079e-05
2.212760939284483393e-05
1.070367769847274592e-06
2.662481131565182498e-06
-1.928608724111168519e-05
1.793014764807055416e-05
-1.500204374736745145e-05
4.399151542244322349e-06
4.732594805382907929e-06
7.823846194049763206e-06
-8.027499199165314536e-06
2.586267138805297230e-06
5.425060688701295491e-06
-2.075945486707870451e-06
-3.135700482446995541e-06
1.510345575128030650e-05
-1.522034439419171965e-05
1.809735743950725629e-06
-1.002569306193314711e-05
1.413503782818971567e-05
-4.420835451000374437e-06
3.129052458148915539e-06
6.485290799277461477e-06
-9.322962273198592993e-06
-9.777998877958677261e-06
5.801354440187776997e-06
4.252779222402974633e-06
1.182229405023263219e-05
-1.374935415211076368e-06
-9.497699872337458024e-06
-3.361477238760592111e-06
-3.271461148878744195e-06
7.088971893604326476e-06
1.429380533208943367e-06
-1.891314774811826466e-07
-4.992487783733229304e-06
1.816248906818215857e-06
8.661179365239124789e-06
-5.059585443978387897e-06
1.595297095074927799e-05
4.329384261683950284e-06
-2.210465096603121538e-05
-7.478873041217654030e-07
-8.455891022749301066e-06
8.870757787429704179e-06
-4.765531890179169284e-06
1.014028362274561792e-05
-4.010907171445108054e-06
5.423903888288224544e-06
-5.078117100110259458e-06
-2.565753436986222622e-06
-1.005896975685409947e-05
1.673641689608094740e-05
-5.792850155615571640e-06
8.626578385626595551e-06
-2.054865692354341568e-05
1.167570416916786336e-05
-1.515632883821374098e-06
1.159710221709593177e-05
-1.026582856114300773e-05
3.223714866621187787e-06
-6.656651977866346898e-06
3.433598238889865923e-06
2.164534126115671354e-06
7.018788671639090298e-08
-1.523626273225475749e-06
1.107107885578147919e-06
1.053845412290906647e-07
-2.288594114873988952e-06
4.608597918280407378e-06
-5.184441620344203341e-06
2.656701971183502028e-06
2.469646501808952095e-06
8.760021917183431523e-06
-1.341465539488735875e-05
-1.805203682158393157e-05
-2.823369329232709554e-06
2.162671298429261394e-05
1.774048384536758304e-05
-1.217540035991796736e-05
-6.520463224831128294e-06
-2.213142703014451016e-05
1.527149554722642574e-05
8.815270189381550517e-06
9.678573039819383353e-06
-3.177306242446797214e-06
-8.018976605739157746e-06
-2.339122607872367416e-05
-1.242291557437260646e-05
3.496493549932877217e-05
-1.051175983909322910e-06
1.167597800914780455e-05
-9.553890560996683104e-06
2.078381742953424186e-05
-7.146073436165110287e-06
-1.807404892820160878e-05
-3.213586013353614241e-06
4.387081604940155401e-07
6.705468044374281964e-06
1.284578942977516939e-05
-4.702292314707633061e-06
-1.155495943983791236e-05
9.545529142919904425e-06
-2.801755345174410984e-06
2.324353410616806335e-06
2.736052976067247257e-06
5.961402417208709750e-06
-1.273738299013807795e-05
-1.874263145265673861e-05
1.002627350665491430e-05
7.874183233732538219e-06
-6.979706231156472087e-06
9.914911267106915925e-06
-3.596532610703319114e-06
1.212009519911864757e-07
-1.109934712855170945e-05
9.906078761790842733e-06
4.455379903598197738e-07
-7.045315106254878640e-06
6.499270207773846547e-06
5.827283442523655208e-06
-3.874796456405536085e-06
-3.615554366325556698e-06
-1.536680227405460184e-05
3.838770581038968067e-06
1.002301152391112707e-05
2.671668489204919841e-06
3.916334766800900357e-07
-4.148738601279985396e-06
-3.475551644076538477e-06
-1.582472778867730012e-06
8.459175348276312505e-06
-1.166816377323147815e-05
-3.808271403758458872e-06
9.074493340630022348e-06
-1.710980271676568578e-05
7.317020040024752264e-06
1.235029009280853805e-05
5.505628709112988394e-06
1.116248622549162784e-06
-6.198670600509047866e-06
5.438505909265322743e-06
-8.682508368209998267e-06
2.166511930980848273e-06
9.362697726063899065e-07
-1.393193029430742167e-06
3.567748927847748565e-06
2.224324691134531621e-06
-7.758655950622025016e-06
2.934515550049136698e-06
-5.646902893360378109e-06
1.609566327183806135e-05
-1.029528213581141311e-05
3.108423325963528328e-06
-1.163465074252242960e-05
8.770620311662771120e-06
2.660704435077305193e-07
3.624889610155538136e-06
-4.026887496388301818e-06
-6.622982388500116215e-06
4.202558598796360216e-06
1.868975062142707878e-06
2.878767733828105173e-06
-4.887281871268326250e-06
3.251876272446808664e-06
-5.493729449704421411e-06
6.596953465565021557e-06
-3.686135760573429735e-06
1.303983101747848069e-06
-3.141934779669923859e-06
4.798783063580927999e-06
7.675062797205573249e-06
4.199385472835691816e-06
-1.390981045621645591e-05
-1.329487304191896246e-05
6.393121330474162178e-06
8.984314519701240307e-06
2.311203901120759604e-05
-1.426331153356736098e-05
-1.149275067369708990e-05
-1.872177566692851379e-05
1.032348849677682844e-05
9.951091506572464466e-06
1.728487638372967132e-05
-2.707029902073203052e-06
-1.483147682207204459e-05
3.266127687129214994e-06
1.198773524138224294e-06
-2.369599769879342647e-06
-1.570690264697601572e-05
-1.103826759326126850e-07
1.103111613425152772e-05
3.634077831011534273e-06
2.619827144696156994e-06
1.929685119155853472e-06
-1.680171010906884402e-06
-4.029714302559909251e-06
1.918809252343506007e-06
-1.218723710151732768e-05
1.048704269600073650e-05
-4.641763914196201139e-06
7.822770230208776353e-06
-4.945638671644095622e-06
3.681649437414519407e-06
1.873220755631755421e-06
-1.220000827820615579e-05
8.370726548162727224e-06
7.857769874666897155e-06
-1.222403264369227084e-06
-5.786798777000884647e-06
-2.438704720478331591e-07
3.046697435382364328e-06
-3.050050418147813343e-06
2.940601522336486031e-06
7.814162426977826209e-06
-9.809393286456302626e-06
-3.325702041269444860e-06
3.126226186942960002e-06
8.678434308397270456e-07
1.573714901909618790e-05
-5.486423611275541398e-06
-6.682823591108700074e-06
-3.198715362687791603e-06
9.368942544759179908e-06
-4.824395318216736340e-06
5.241999267378359397e-06
-7.012064863539940599e-06
-3.314847136438401278e-06
1.075692615459954187e-05
9.538488065466147256e-06
-1.373792239021778351e-05
8.524431664830343594e-06
-2.297227810908714397e-05
1.178112801194821084e-05
-6.790944473924369947e-06
1.073815997918786231e-05
-3.229194118045316668e-06
-4.679715738343762793e-06
5.337498162320224233e-06
1.864300315297486087e-07
-6.246201282998434798e-06
1.109423409609459794e-05
-1.014188727078568916e-05
7.646065216900528556e-06
-1.212216259454536153e-05
8.505194386593455076e-06
-1.800698962832338425e-06
-7.241988931102932343e-06
9.940584996406654115e-06
-8.082956913223960835e-07
9.199246250896977192e-06
-9.749085326132218344e-06
-1.832574136655871401e-06
-5.494680412068415464e-06
8.461552634646038310e-06
4.090922810022462920e-06
2.236680924848465232e-06
-7.637630076455143610e-06
7.314838318890994718e-07
8.473149524367720614e-09
-2.061134279689734262e-07
-1.698744957850812685e-06
-9.059531459551703177e-07
4.485243169697822225e-06
5.475628930324246171e-06
-3.164308687554824572e-06
-4.122620079871794918e-06
-3.732285147821998302e-06
-1.296355289896135348e-06
7.089894779618026888e-06
-3.799165852143637504e-06
-5.970269537894723621e-06
5.519603877502870796e-06
-1.122039129616125045e-05
2.020392612677030439e-05
-5.342943913736744669e-06
1.665554677990023212e-05
-2.139733794155338821e-05
2.761456675461374838e-06
-9.096244359796375209e-06
8.332698459805674325e-06
1.025366251617151629e-06
-5.239781185427643261e-07
5.516553766482877434e-07
-1.900562196622380902e-06
1.220363815733460783e-06
3.046594307531897276e-06
2.023197610988302767e-06
5.871437378033349464e-06
-9.136931005596719734e-06
-6.313857675456205708e-06
-7.983320218719167121e-06
1.170377568968484718e-05
2.153172077149951322e-06
7.122454128472267913e-06
-8.884144405604758047e-06
-2.596717697408224338e-07
-1.260532309064069820e-06
1.647117363910091438e-06
-8.663215090021004952e-07
-2.064941591562272449e-06
7.997329433327401957e-06
-6.493994769207944021e-06
5.142626396016127655e-07
1.781683178562767834e-06
-6.881702856721539184e-07
3.561413493186351097e-06
-6.424296079777728200e-06
4.469129667951242835e-06
-5.042175245705698373e-06
-3.997410251989710634e-06
7.713416227995382527e-06
1.176627037336412284e-06
1.824790815216643620e-06
-3.499231155754362813e-06
-1.274825237435776450e-05
1.104279394821149484e-06
7.355316021368094368e-06
5.411708125720721633e-06
-1.244276389580441079e-05
5.364879165913126713e-06
-1.024014931064872469e-05
7.691292401064852462e-06
1.118163387107371935e-05
2.944600195377117903e-05
-1.822402298113717588e-05
-1.303468581309437472e-05
-2.037266437867864952e-05
2.324514534239040760e-05
-3.868140062602074539e-06
3.277616670631913135e-06
-6.905561169065557454e-06
2.836579468869038581e-06
6.442635428765678109e-06
-9.331441631760157925e-06
1.873741412046161425e-06
-6.795621377457628752e-06
5.336859853204820661e-07
1.246738569217407505e-05
4.661018843752871459e-06
1.089118763065385716e-05
-1.966841336312645852e-05
1.060647908637236644e-06
4.672905340589577359e-06
-5.398393837268110747e-06
-1.403601286721537606e-06
-2.313566480482112227e-06
3.609804592807991371e-06
2.149882320868834493e-06
6.761154028975451880e-06
-9.563388047610357691e-06
-4.839038685269609952e-07
-9.770213703991260121e-06
1.155488113321464171e-05
-4.496132495396706040e-06
2.874003218108847499e-06
2.447544015639984178e-07
2.620730599951449125e-06
-4.393146520508799672e-06
7.100760793135956652e-07
1.055950939330123028e-05
5.388754134955541081e-06
-1.333350955590428766e-05
-3.451937623295737209e-05
3.790031456287393513e-06
2.540036040944956591e-05
3.270183292195677233e-05
8.452373466112876301e-06
-3.562122931926837109e-05
5.819568933520186655e-06
-3.069929748645383827e-05
2.341740266388949858e-05
-1.884808672337562547e-05
3.124598449761709941e-05
-1.296471944788895903e-05
5.317076990641157410e-06
-1.387702834552548747e-05
1.121714907988173460e-05
6.942709744560680985e-06
1.017381116783491388e-06
-6.955690685804997395e-06
-1.111612336472606289e-05
2.384547244358484311e-07
3.343254239938873713e-06
9.717388955346036866e-06
2.717329490586979694e-06
-8.000442742684632933e-06
-2.332196073523185922e-06
-1.261369148393398994e-05
1.366377666226192439e-05
-3.949867001148893270e-06
1.424217726306636756e-05
-7.866458499642097878e-06
1.392927345477094084e-06
-6.660833887814125327e-06
5.414480067429390018e-06
-2.413362129416428290e-06
2.377048717934806602e-06
8.787476640685349714e-07
2.865646444971961472e-06
-5.601553524630816187e-06
4.429845990295999572e-07
-5.731901760542658169e-06
6.093889077208028204e-06
-2.667033190414553546e-06
7.725865460298836688e-07
5.373148131775106785e-06
-6.576616232583102001e-06
3.242058862342863594e-06
-6.537307303983345101e-06
4.654539474003800543e-06
1.098970465677011468e-05
3.034876314864086048e-06
-6.584164385234397180e-06
-1.168809351422437472e-05
1.766630331337947860e-05
-3.254641540217196672e-06
2.329314015322298659e-05
-2.479688137904948792e-05
-6.697436476504443906e-06
-4.288689205276179995e-05
4.466952231630307165e-05
-3.517024622725520262e-06
2.013296317908971490e-05
-3.346637397757896759e-05
1.542940589897617756e-05
-1.433670147445853318e-06
5.411992013937395011e-06
-3.988924760936517818e-06
-1.009778578844709768e-05
1.428270894176925223e-05
-3.765190505666643451e-06
2.584071379642027599e-05
-2.165816352159740443e-05
-7.282625651255505303e-06
-2.268003468991386094e-05
1.397872358508461859e-05
1.041590662830817556e-05
4.286098661940868573e-06
-2.476657967204209682e-05
2.028389429036435898e-05
-2.831895217123916110e-06
1.379676748463293942e-05
-1.069812655003520615e-05
5.112190183375220787e-06
-2.227355035477340353e-05
1.758464208887366742e-05
-2.395293696041343430e-06
2.519105642379716991e-05
-2.313836270003518156e-05
-6.853327209814910929e-06
-2.634097373283151688e-06
9.024017794686833057e-06
1.491423655608879056e-05
3.390661244014489360e-07
-1.244302674407091248e-05
-3.870290343383805791e-05
4.005042297423731828e-06
2.809993041601275833e-05
5.693930869372108904e-05
-1.412096411588452299e-05
-3.523574604848610182e-05
-3.991363322605067141e-05
-2.611973556111701561e-06
3.778082959516468006e-05
1.558508927125863454e-06
2.137103547607153910e-05
-2.184258670954107348e-05
7.929480847641704258e-06
-1.142424759655958903e-05
4.206891144790446455e-06
8.510912155769592382e-07
-1.263268274377303356e-06
-1.357851143787712334e-06
-7.352550112627327848e-06
1.031532028836341277e-05
-8.428742354535686914e-06
7.940576188100712494e-06
-1.161898904650438898e-05
1.225510803609694517e-05
-5.036076461515887959e-06
1.195791537468224139e-05
-8.894664110896422784e-06
-4.369092069309917653e-06
3.817099182948838735e-06
1.512251656510435478e-06
1.171211765129798771e-05
-1.338315592287516039e-05
-2.275856541198483852e-07
-9.747964047274897993e-06
9.106078207999233947e-06
-7.361220232579913957e-07
7.689232254191295942e-06
-1.532582694111261481e-05
6.626953713208904955e-06
-7.240424418078101961e-06
1.124066822450378697e-05
-2.087398880699927760e-06
1.133697887369376992e-05
-1.109234730872388257e-05
4.113746112804056698e-06
-5.091210957522193585e-07
-1.494188799200885456e-06
5.491459204842566216e-06
8.094440413917961701e-07
3.166824040755698941e-06
-5.077461291269839673e-06
-2.323034069145190359e-05
-3.122057443458696327e-06
2.035061976567773313e-05
3.661240667660804640e-05
-2.120662333022377434e-05
-2.226643356731174568e-05
-3.726036372509417769e-05
3.536038661929711050e-05
1.009721979305828411e-05
2.668431562928540044e-05
-4.354222309789842907e-05
1.666697451778339413e-05
-1.313773510806198873e-05
3.037240062247175402e-05
-1.705996349265031828e-05
-4.942076741524235352e-07
-4.897076517500625621e-07
1.700306434671746141e-07
1.112081078803551277e-05
-8.147227917350603082e-06
-4.062644092245124700e-06
-2.745987749869898407e-05
1.427252504419691816e-05
1.459918766271680105e-05
2.372019479277131252e-05
-2.573474751755652919e-05
1.178616497480355826e-06
-3.106348637677714395e-06
3.322977520387056759e-05
-2.964063156861934347e-05
8.000130495408717160e-06
-1.318738686185924952e-05
6.240758174767496269e-06
-1.411201508610065084e-05
2.163873210236761887e-05
-8.959097827899633872e-06
9.139312552389521340e-06
-1.977109690379251684e-05
1.145417678173780033e-05
3.592814864868031170e-06
-5.936599831432984572e-06
2.485428128734479554e-06
-5.636399239675812263e-06
8.085968126942662075e-06
-4.468890879906888691e-06
1.214803005064491304e-05
-9.035666405479963331e-06
2.789609241622452646e-07
-9.995587309064606676e-06
1.334552370372847001e-05
-5.221628329154483423e-06
7.067144549188187205e-06
-5.309141689987726442e-06
4.968180968940530694e-08
4.582542538438885569e-06
-4.013978838802581209e-06
-9.208970957297160166e-07
-9.279804753144125465e-07
-1.121079797785922859e-05
1.263028342982037760e-05
-9.446161672365884523e-06
1.383703889525935640e-05
-7.374782625325962914e-06
9.644336027452243240e-06
-8.308780261963522257e-06
6.034235206845838407e-06
-5.187775943453516042e-06
7.146964708124520427e-06
-8.346736865461752664e-06
-4.033601993589417767e-06
-6.149485330794085861e-06
1.050089506059118494e-05
9.036744871901805539e-06
-9.204983525163159104e-06
-8.585759965377239212e-07
-1.199038102369326755e-05
1.333157755613680162e-05
-1.032779433120846954e-07
1.120534853722753030e-05
-8.143231497926246230e-06
1.408212800471794150e-07
-2.156116374051636705e-06
1.610326361725030088e-05
-1.049018859522203294e-05
4.688758520435724962e-06
-1.172163521534563357e-05
5.204025454728249990e-06
-1.475150322015502943e-05
1.765083359094687159e-05
-6.099724315433566120e-06
1.209486326709180976e-05
-1.423639363556760659e-05
-3.309295316623787431e-06
-2.224525621987878394e-05
1.630185197518175432e-05
8.299633609586804482e-06
3.446443936762130637e-05
-2.618560477055772355e-06
-3.125264728100520109e-05
-2.897948204074195276e-05
3.220425537100500779e-07
3.299592623148710945e-05
1.259262264843176015e-05
-4.170246826033504955e-06
-1.245650645507859989e-05
-2.611980952154289678e-07
3.714547075001133704e-06
-3.139087206619623351e-06
1.536263530219363389e-06
-2.636649702286121343e-06
2.233149629334463016e-07
4.076041301295135313e-06
-9.561444032052080782e-06
6.477367335233407346e-06
-1.921121935807033264e-05
8.112229433900368451e-06
1.204606477177270577e-05
3.052445848083838547e-05
-5.734551411427919501e-06
-2.503188450626376893e-05
-1.689655877244814405e-05
1.989974830640157147e-05
-3.001113469743536951e-06
-5.313226992969651011e-06
-1.318396062810513734e-05
1.779715784451475422e-05
-3.964164835198280790e-06
-6.820677158429458537e-06
7.619636125893127138e-06
4.185249052433671473e-08
-3.012476165512836308e-06
5.064051216107594781e-06
8.017516691058499043e-06
-2.354366837421961896e-06
-6.317220907714935597e-06
-1.469336142246771871e-05
2.099726500265471709e-05
-7.347599783280371635e-06
-4.413956370932535339e-06
-1.781613965855672262e-05
2.342206206378803191e-05
1.424520433081805662e-05
1.386850746292393638e-05
-2.886668884536172392e-05
-1.405729076850755616e-05
-8.386642787885722640e-06
2.362606080237756806e-05
9.474839133678513919e-06
-2.002187657008292964e-06
-9.925976647100885026e-06
-1.442507793555961886e-05
1.140358506950133796e-05
2.258740731446802805e-06
2.675319698112356082e-06
2.918929010328608663e-06
-3.756598841825988506e-06
1.085213611651309102e-05
-7.914628354324212598e-07
-8.889769597316147989e-06
-9.796178958972993968e-06
-4.111072746968526629e-06
9.143725770305994360e-06
3.094124798827125247e-06
-9.551070857350295106e-07
1.828475235886467835e-06
1.115379628081067056e-05
-7.600268049632335009e-06
-1.540260844574122472e-06
-9.515190599582147389e-06
1.916975384394224813e-05
-8.112747773200059683e-06
1.377679817884745384e-05
-1.512264118796627260e-05
2.040184223291597460e-06
-1.507113670602241626e-05
9.798500811539313451e-06
1.853950918301316297e-06
3.763634607675859151e-06
-1.337974300219217136e-05
5.767990617429981701e-06
-6.573692520339733295e-07
1.075700316454670103e-05
-8.822197171711018945e-06
6.223923685117870646e-06
-1.596185616344269830e-05
9.827443985039728303e-06
-1.134601423583860704e-05
1.729402351115303364e-05
-1.773899799881778114e-06
2.292036444543115719e-05
-2.288659638714459540e-05
-1.969541651984645255e-06
-1.724697230717067017e-05
7.905607771814832655e-06
7.524524658714102982e-06
5.781249517489022367e-06
8.587402084915490656e-06
-1.517130387614098693e-05
-1.024537694820734944e-06
-9.638956419428025172e-06
1.371736322257566132e-05
-2.239113202896336735e-06
8.927180777816813237e-06
-7.613360501918716075e-06
-1.091960440504403832e-07
-3.583153943261535991e-06
4.529364629806769776e-06
-1.242861272714374573e-06
1.945408769881752810e-06
-1.174874774870278646e-06
2.152679562106800783e-05
-5.007763050891011900e-06
-1.733130220333984744e-05
-2.372304247637839169e-05
3.664331978689912113e-06
1.877412246631479930e-05
7.138950519660063488e-06
-1.637207055143537231e-05
8.677922926927148612e-06
-1.355569158449561723e-05
1.709470125965632052e-05
-3.774782386415778936e-06
3.000618099356780000e-05
-6.389600722420152548e-06
-1.832435211537650137e-05
-1.889060076617212096e-05
1.953081517403261293e-05
-3.661908415401437044e-06
-3.676722811379171483e-06
-1.090935070941271673e-05
1.521262273457376268e-05
-5.902500725206977381e-06
-2.944015679207209580e-06
9.560203120310750824e-06
1.631918388525044165e-05
-3.680844577804194895e-09
-1.984742189451333831e-05
-9.073489441333137799e-06
-4.912676725787887760e-06
1.863632005735816873e-05
1.595327842775232110e-05
-5.038173157927603813e-06
-1.370243103427078120e-05
-1.377075136328466851e-05
1.308217013691287362e-05
3.439713079628539085e-06
1.636271459728798989e-05
-1.552247058867825620e-05
-4.583729735873917583e-07
9.016797772889879870e-06
-5.836662874384760650e-06
-4.160306943524312643e-06
-2.319161628509130052e-05
6.936732477747495541e-06
1.557480501659336091e-05
1.452255677994372314e-05
-9.690644972598773621e-07
-9.634878768147221869e-06
-2.235461778822437730e-06
1.339605565077800421e-06
5.147731373133615268e-07
-1.351579331839648421e-05
1.701976555503653313e-05
-5.713522328274583636e-06
1.195765656706957823e-05
-2.268632098885794301e-05
8.291671468368306023e-06
-1.689396800190019339e-05
1.405864575754419180e-05
1.457134276696589968e-07
2.033329350409102633e-05
-1.119052840817198451e-05
-5.728404636082856292e-06
-1.448915928656439841e-05
1.478571429285244752e-05
4.664969804219055809e-07
3.764392458890242080e-06
-1.185549992956268514e-05
7.174161521445152585e-06
-2.498423787695146891e-06
1.002683613369994480e-05
-5.093357743900069003e-06
8.425816977841526318e-06
-5.708896133904424447e-06
-7.103421928837967540e-06
-2.792549738404122886e-05
1.911549478517383341e-05
1.116903581932084818e-05
3.047454346252053361e-05
-1.915477070787865408e-05
-1.145025269735050914e-05
-1.984280005427409602e-05
7.131847924359379821e-06
1.550821660518562220e-05
1.077101854189457448e-05
1.329198486620469135e-07
-1.488284252048277333e-05
-1.045853553656919265e-05
2.269527071060360081e-06
1.030341386727591411e-05
8.682189085596856440e-06
-9.383580489842839381e-06
-1.441495707056374571e-06
-1.760098280724631603e-06
6.615144738799441411e-06
-3.344428678873632071e-06
-3.245999130139683977e-05
5.847479525349427850e-07
3.038216774271241519e-05
8.022219660230189451e-07
9.847097434358650618e-06
-1.121113733219038041e-05
1.447694724516142204e-05
3.214740029368820325e-06
-1.792827887914790898e-05
1.213488069476476838e-05
-1.903840612834828037e-05
1.142794765278922544e-05
-4.420450100331475444e-05
2.598127096024779046e-05
1.160792022727494442e-05
3.744985305814727374e-05
-3.701981292982750441e-05
6.368802695604050583e-06
5.231334601726023961e-07
2.233522771434165455e-05
-2.894316635681268117e-05
2.277065996515301638e-05
-6.824422810066856088e-06
-7.441438123096896264e-06
-1.671413547865398730e-05
3.961580571390074172e-06
8.655579382696622489e-06
6.479107088074549724e-07
1.099965608539798240e-06
-2.787516328279487769e-06
-1.325054807768789265e-05
-2.622037101236487640e-06
1.661068418173341211e-05
7.795072646960281466e-06
3.332745094681890930e-06
-1.397106173730206588e-05
-1.084231015961394689e-05
3.225961269812175120e-06
8.773038432602595522e-06
-2.307495548003445435e-05
1.373339269978805782e-05
8.201801148166363529e-06
2.995139518649071094e-05
-2.635710782372395369e-05
7.013847986032584387e-07
-1.761871338330455697e-05
2.337818748405857738e-05
-8.455433690161067123e-06
3.762957890351967749e-06
-9.785804608412200284e-06
3.253428935161489040e-06
1.809873819670978576e-05
-2.030823654446312396e-05
3.689831329368217349e-06
-1.852772922965909382e-05
2.723060400848378111e-05
-7.153343950899746512e-06
1.823040363525403167e-05
-2.039717264262766645e-05
5.457960050550029964e-06
-1.855997953524368138e-05
1.322108015311853870e-05
1.530413035104223753e-06
1.667335573822346980e-05
-1.619174434225638463e-05
1.367614038264588250e-06
-8.716466214928502213e-06
1.204941937583010825e-05
-4.772995550554441544e-06
7.423991997563074541e-06
-3.832428313345511133e-06
-4.946070887547317029e-06
-9.117661314776470048e-06
-4.460540110548572338e-06
1.565605739541346182e-05
2.518216847851383503e-05
-2.348681419802859012e-06
-2.378960600506454192e-05
-1.886685366102537465e-05
-4.465836205763587096e-06
2.230084340494668162e-05
2.145720708359935428e-06
7.773941019292980278e-06
-9.384276656850122189e-06
7.817750997531240368e-06
-1.099645719494182528e-05
4.758374398840608762e-06
-2.419654587860099709e-06
4.399216949256743017e-06
-2.847412266375268914e-06
-3.658982020713483414e-06
7.693715455206525663e-06
-3.188081655652173936e-06
-2.770837033022601154e-06
-2.316289170838358116e-06
5.052001898879274387e-06
2.600185580149081419e-05
6.849242423655895563e-06
-3.025714357962451333e-05
4.711877357136002646e-06
-1.725863212434293429e-05
1.249427300537342906e-05
-7.260147093149091140e-06
1.121678417460272354e-05
-9.254125565443218813e-07
-2.706115614148128605e-06
-5.166990588816246677e-06
2.045716728664738189e-06
5.122877279346198590e-05
-1.126103021312459734e-05
-3.039371339716266532e-05
-3.449216762673055147e-05
8.431480326502365576e-06
1.698813756539302395e-05
-1.634628743031270426e-05
6.832342334490280712e-06
1.831671039944859927e-05
-2.131912467160983828e-05
-8.204940423005583418e-06
1.949132363252269748e-05
2.019296693427592623e-05
3.933233261449978782e-06
-2.193138098248117616e-05
-3.418572381458775332e-06
-6.634287454433431596e-06
1.368479509480013869e-05
6.733242574410206019e-06
1.805426595875124840e-05
-2.632114186881578518e-05
-3.848852448004203815e-06
-7.593651291243933893e-06
1.591309862177615252e-05
9.431475647612644212e-06
-8.351991866386021467e-06
-4.301191764005405112e-07
2.023333905984508839e-05
-1.005768590833384913e-05
-8.329851414019003828e-06
-3.145793190586928278e-06
2.912714127728941496e-05
-2.909564392624121131e-05
4.852590294427894442e-06
-2.465487236685458082e-05
2.251193449381433669e-05
-6.240024897791866085e-06
1.145331442330863468e-05
-5.371346331736455513e-06
-1.499311749237451985e-05
1.518338024082337243e-05
-1.885179676725625743e-06
1.536644886783024251e-05
-2.795934233867434005e-05
8.739121754393533025e-06
-1.260445121109822737e-05
1.987810518816673851e-05
-9.297269533997076606e-06
8.079918369730680649e-06
-9.433365866773579756e-06
4.601361540375134307e-06
-5.628249794146483082e-06
1.175542206226512038e-05
-1.049380365362853469e-05
5.702336454482910332e-06
-6.990640043514945341e-06
3.004357840860909825e-06
1.487017047732191392e-06
1.424790402573407441e-06
-1.329588382019028956e-06
-3.046306810242667198e-05
1.352765768044687753e-05
1.789948483363701265e-05
3.613471025369945826e-05
-2.292838183735667690e-05
-1.575612151504581773e-05
-2.504532201476733410e-05
3.316855372364151512e-05
-5.535125385814585472e-06
1.389246893866360135e-05
-2.332640621665609020e-05
9.063036313528433571e-06
-1.756466683631193441e-05
1.746513102328283644e-05
-4.629405967463611025e-07
1.589348818657016041e-05
-1.141811481635958365e-05
-4.353328466577024281e-06
-8.327299726000143089e-06
-1.550211121573582759e-06
1.041738710631488367e-05
9.546757014469811845e-06
-1.302159039789543302e-06
-9.781619959295737908e-06
1.775512021238007438e-05
-3.458960257252687270e-05
1.698382187957926231e-05
-2.848879651577006396e-06
1.522716073913052743e-05
-1.233554776920816243e-05
1.325227746603286440e-05
1.383122234600818592e-06
-1.259234647052162568e-05
-3.645048507703418223e-05
3.931820891898620498e-06
3.039545742052818846e-05
-3.532385305785767693e-05
1.171077065051958506e-05
1.788346502443910626e-05
4.381951288692361389e-05
-6.167922724542827535e-06
-3.087534743470150394e-05
1.007816754058173366e-05
-8.067792503005784900e-06
-5.733638534874773129e-06
2.062592834733729675e-05
4.515014519759499520e-06
-2.106803141015217788e-05
-2.104244827709429765e-05
-8.649385923964963236e-07
2.033994374547146324e-05
-2.193479114876506822e-06
3.322603027328453366e-06
-1.643654333539457787e-06
-5.987577046107412271e-07
-6.644618382366186595e-06
5.640918636086226166e-06
1.889738684844615200e-05
-1.912067286969368218e-05
-1.196879050698625525e-06
-1.337956527153967656e-05
3.033793849421489880e-05
-2.152812369191506604e-05
1.002125147529000411e-06
-2.111492903196066328e-05
1.924390583478654578e-05
-2.944910433312923539e-05
1.128604165919977150e-06
2.351721854546389681e-05
6.768474290148068337e-06
-4.778000399730416946e-06
-2.301985524247754329e-06
6.591340623298537586e-07
3.699251888463337035e-06
-1.756039429352530441e-06
1.303721375225892209e-05
-1.114613416294822537e-05
-1.271720640320570154e-06
-1.164017138558449320e-05
2.011544951785348870e-05
-2.807232418394421376e-06
2.241323850523564562e-06
-9.317768074622247328e-06
7.624085706057919280e-06
-7.131158712084121123e-06
5.340127813301724050e-06
-1.541661239105272322e-06
3.957016580427126509e-06
-4.242732812777830426e-06
3.983847463300522833e-06
-5.892736385868776799e-07
-4.679479318380803552e-06
3.824647460555393981e-06
-1.609713002004238601e-05
8.542454206593408475e-06
7.018291167332458777e-06
7.138458906036418666e-05
-2.446247164913019316e-05
-5.121728927585195103e-05
-6.656680648659311049e-05
2.360033031604705128e-05
4.639535305969827677e-05
1.852810917122166685e-05
-1.563628938175614465e-05
-2.489550141682967890e-06
4.931022110407489595e-06
2.450831872729245284e-06
-8.874233802174574440e-06
2.578351479701183636e-06
-8.554887333693575707e-06
7.182543912715444998e-06
-1.147907392364454748e-05
1.287430974522820403e-05
-1.986252613873359463e-06
8.355415996074878220e-06
-2.551820684520907405e-06
-6.037495629608789186e-06
-9.517525187928787644e-06
4.150017376981905584e-06
6.396087430554518572e-06
-3.266537877999980385e-05
3.038540053070415170e-05
4.189108502143600011e-06
1.525860620339597484e-07
1.104320521871144719e-05
-1.261171610834148247e-05
-2.099697414297834624e-05
-2.109529986739411332e-05
4.162908106511701201e-05
2.542244882402868136e-05
1.604413366329328439e-05
-4.167121943093103452e-05
8.674252836933361399e-05
-3.699805057861214728e-05
-4.410046557706708058e-05
-1.269045906679469029e-04
1.899495979361393497e-05
1.000979455322579457e-04
5.805727845506652350e-05
1.976789268113983000e-06
-5.820104242913489958e-05
-2.927820787036114887e-05
-1.095787177282008738e-05
3.678347889524353939e-05
1.756680691504179079e-05
9.651804781134457105e-06
-2.361096333030472978e-05
2.328201125638525366e-06
4.651954796425394791e-06
-7.585797600071391373e-06
-8.494390509601642126e-08
-1.108257176040512108e-05
1.432296491060232756e-05
-2.442161543393223902e-05
2.823644366987855474e-05
-4.777967877868274922e-06
5.650373572459874085e-06
-2.546521696387647196e-05
2.166983275148572801e-05
-1.533685718685439195e-05
2.757153364772783167e-05
-9.428236480184333832e-06
3.436338482023543358e-05
-2.928990773574900448e-06
-2.765866486062022123e-05
-9.145804966804275756e-06
5.897283331037411801e-06
3.682077798228764124e-06
6.977482509540961487e-06
-3.188089429254824464e-06
-6.429898648344152256e-06
-1.816785106696854098e-05
9.004109703471317136e-06
1.000690507475632868e-05
1.959259656313459328e-05
-1.936433832718997684e-05
-3.336051591040110788e-06
-4.472960823520247709e-06
8.473912960495551424e-06
-3.443459655111456001e-06
2.141366354053414315e-05
-1.009844917752776054e-05
-8.333063738252973439e-06
-2.523854227159776426e-05
9.275061637888256348e-06
1.485485979976414509e-05
1.006986801031461740e-05
2.645211550574596941e-06
-1.134528265706881943e-05
1.089424027948322120e-08
-3.047052762404694950e-06
-2.037702292586343568e-06
-3.275898028750108293e-05
1.305924407784487974e-05
2.572499531270312895e-05
2.934806197838175796e-05
-1.415494231443379582e-05
-1.824389045431247324e-05
-3.490581153532787760e-06
1.176767693179909201e-05
-7.703180683138319333e-06
-1.009141557591516057e-05
-3.120680130214162286e-07
1.070125456586310431e-05
7.227533055194379654e-06
1.001311402148868956e-05
-1.805327541633034135e-05
9.834244089594547630e-08
-8.500134466765240510e-06
9.807353808112110368e-06
4.329166430907316679e-06
-5.986004324844498587e-06
4.492048171962455456e-07
1.923737835764703066e-06
-5.723344456008571358e-07
-1.348260322511825727e-06
2.185247657006012824e-05
-1.598949580281413396e-05
-8.622787161361795049e-06
2.255399349706702994e-06
-1.261577921987700488e-05
1.123656639614749108e-05
2.119141668561048920e-05
-8.792328622562633523e-06
-9.660254813164111738e-06
-2.211080561655700226e-05
2.308082693349172669e-05
-3.320405844748956726e-06
-9.235764594256584410e-05
1.926213154121261771e-05
6.898618764080983838e-05
1.536831249013914473e-04
8.894380939989669397e-06
-1.537078757193366158e-04
-8.437583555038513812e-05
-4.569157083016483432e-05
1.221007389623393309e-04
8.366188170532443759e-06
5.452347869724511180e-05
-5.568983777811173765e-05
7.560991103030954529e-06
-3.410556554745150721e-05
2.385022859493097911e-05
-1.724753474905244848e-05
8.835636317634758946e-06
8.599231277319559731e-06
1.036754809507454221e-05
4.318109135586522033e-06
-1.777815344361144607e-05
1.695661456459010699e-05
-1.032706465176216742e-05
-3.836473009400131857e-06
-4.512768297827400311e-06
6.458998077018057921e-06
-2.705732107245946064e-06
3.035885315603101400e-05
-2.399745239840200492e-05
-8.179084101894127127e-06
-3.791467191020744820e-05
5.816585949659940405e-06
3.008001014059730215e-05
2.122525367851939445e-05
-9.880297916710656131e-06
-1.223498188374719592e-05
-1.837254471768596557e-05
6.512100128487750708e-06
1.389269575724250442e-05
1.675638475708160301e-05
-6.558232011003579904e-06
-1.117378611238511717e-05
-1.511718433382964474e-05
1.128538750884122101e-05
5.672403991367024322e-06
-1.261021285541705841e-06
-5.481345689253106544e-06
6.116905676186435006e-06
-1.341642471450516416e-05
9.750513316741211099e-06
2.077443193141488478e-06
2.296825883552050919e-05
-9.834069916351043626e-06
-1.183713552145387003e-05
-8.730758135105075052e-06
1.062203969403498617e-06
7.291535093848985905e-06
9.831595803624664081e-06
-7.753990960407053574e-07
-4.479098417789833343e-06
-5.857224349510164273e-06
-1.027553281363129836e-05
1.005574346286363101e-05
-4.561423212122762169e-06
2.046262743078446024e-05
-1.404371270616020615e-05
9.556909491964563584e-06
-2.746124953631499195e-05
1.743506075186943843e-05
-2.170587025877534462e-06
9.902513754332371680e-06
-9.141460093178029842e-06
-1.166345090187964276e-06
-8.996947668921851271e-06
1.200811370328707186e-05
-5.307680538072816396e-06
4.916163458175228929e-06
-1.122616852669536974e-06
-3.030574472933161780e-06
8.556415432801658250e-06
-4.056882718642453587e-06
1.617811537277159155e-06
-2.718627102163966052e-06
5.286440160937418880e-07
-1.454675776084311996e-05
1.879120113149488212e-05
-3.705585708505248349e-06
-2.364085176812339708e-06
-2.670800889494332725e-06
3.872840321274274823e-06
-4.573871091562947379e-05
3.188446911989268012e-05
1.450574993131263039e-05
6.632195951076972457e-05
-4.704444303683804972e-05
-2.069497444455376992e-05
-1.824087665347428851e-05
1.998467467752446396e-05
5.149226671522170030e-06
-3.384864343376968964e-05
-4.331908631840741494e-05
6.209291233912015979e-05
8.930970685378997252e-06
7.120394254551352378e-05
-7.060734299519397066e-05
3.695348106168589185e-05
-7.011814288662651673e-05
3.002983448628433370e-05
-3.380845566526915357e-05
4.655171222121708390e-05
-1.173553733496988981e-05
3.263852479888643067e-05
-2.680461965937271931e-05
-5.892819452291644011e-06
-1.532089532962712416e-05
8.446782427124806128e-06
8.965424535587908966e-06
-1.429500971202426666e-05
2.372228366333185184e-06
1.022586559630753641e-05
1.464721759450687490e-05
-6.113225948152010942e-06
-8.407384797985922612e-06
-3.697837785454717504e-05
1.911585723407720270e-05
1.865883086756023207e-05
3.835827132069689481e-05
-9.151742189362289991e-06
-2.767674599559458298e-05
-3.143271310217959393e-05
1.224186713491477277e-05
2.022266403601665768e-05
2.397105726538084402e-05
-2.054040226570160073e-06
-2.346329630395146292e-05
-1.312488741079425027e-05
-2.037283963904732321e-06
1.517386022338735994e-05
8.014977971399598963e-06
5.739499218336757621e-06
-1.411843465863802370e-05
9.854406231833847491e-06
-5.778338113007421586e-06
-3.895455447089631409e-06
-2.190424319050007177e-06
4.777341258522740811e-06
-1.586096411256997154e-06
-6.790233849065092876e-06
-5.156191860773121256e-06
1.083392848997177978e-05
2.277784711523156078e-06
2.333937613451159999e-06
-4.601889933108724035e-06
-9.041765454870458304e-06
1.802918622832523410e-06
7.877979057948990673e-06
1.935950054610489568e-05
-5.880556397095271920e-06
-1.167329010891110995e-05
-1.589840252805732970e-05
1.093226050987204596e-05
2.924100809423638825e-06
3.778757097846428001e-06
3.171199942056088215e-06
-5.862565359107591619e-06
-2.537810108676958373e-07
8.886105071632176907e-07
4.406647852670939694e-07
-3.309236287843022705e-06
9.411951074483960772e-06
-7.824967983753807705e-06
1.380550921156526559e-05
-1.462244972550753942e-05
2.344517481909702745e-06
-2.884150537254761984e-06
-2.512141292565238978e-06
3.683559073151446801e-06
-1.783135717426480023e-06
1.083183153999012937e-06
1.308481114562138649e-06
1.501524226371386193e-06
-1.700766812203331296e-05
1.706985164828375072e-05
2.355841327604212541e-05
5.119213113900295724e-06
-3.136813477003695617e-05
-2.825599060490735395e-05
1.661871254853401024e-05
1.715405171222673375e-05
3.964220383403780799e-05
-3.520177912213238796e-05
-7.529429019614838968e-06
3.385717017622246329e-05
-5.646469083930244444e-06
-3.472169483005553407e-05
-2.907710092747850194e-05
1.469112302944417501e-05
2.418331310365439476e-05
4.863161029297642573e-06
-4.309192127381945045e-07
-6.003527163722203748e-06
-8.930802310178968977e-06
-3.218641019260677584e-06
1.220138284810324338e-05
6.402335275029060689e-06
-8.163633327168557383e-07
-5.793591512872815378e-06
-1.201815869475077344e-05
4.417045033628761455e-06
6.743034606192699178e-06
3.425865968831380516e-06
-2.404103273650779545e-06
-1.542768064899512629e-06
-1.507307415966104030e-06
1.686399171345443035e-06
-9.289006455605336053e-07
6.116201616904387163e-06
-1.915486866193730962e-06
-2.488911325369748840e-06
4.318879443834818232e-06
3.544097243775729644e-06
-9.819561227931226363e-06
-5.565606552505910510e-06
-9.421437095370311483e-06
1.624142076595210557e-05
9.862486676555810703e-06
3.305776877195118750e-06
-1.511681385438353261e-05
-6.413166359427143793e-06
-1.332463266499959564e-05
2.261978749565393050e-05
-1.250373794609580327e-06
1.535588038037092779e-05
-1.652369016139001046e-05
7.650124067907006253e-06
-2.209218275890484329e-05
1.615503389905818582e-05
-2.268886543850808586e-05
2.376604327757620024e-05
-2.029197190669192619e-06
1.304711729197276411e-05
-1.288996222927301771e-05
1.037576292557251117e-06
2.596830864284654320e-06
-2.637919163265677741e-06
-1.007355924914458967e-06
-4.247726428720536782e-06
9.954058317905144920e-06
-4.501823542435489170e-06
7.359269395614060814e-06
-8.029856591646518816e-06
2.021413761400629727e-06
-2.087600969112806906e-05
1.226515900830347778e-05
7.665060770488185205e-06
1.865469263918406658e-05
-2.339243176981100123e-05
1.593619312475288866e-06
-7.584125381599275391e-06
7.431994409967432433e-06
-3.930760813208777275e-07
-1.555923625132535503e-06
2.306853736031327289e-06
-1.050424590681846044e-06
5.781974021413764127e-06
-1.392635654709954522e-05
1.040142765757992609e-05
-1.865634487032509625e-05
2.284299559571919777e-05
-6.590581467593451459e-06
7.035073109287527410e-06
-2.295520321833651313e-06
-3.311152303916592183e-06
2.946499620334750357e-07
3.390087794464884222e-06
-3.696606911902949487e-06
-1.562387525705199846e-05
2.455851866972183752e-05
-9.664098407371601168e-06
1.504994788578573620e-05
-2.365360986284058235e-05
1.198197988263456774e-05
2.535898685529602538e-05
-2.259301996738100860e-05
-4.648180324145528744e-06
-6.530321887717787852e-05
5.873848531080237440e-05
4.398592622967904798e-06
-1.286964268736517448e-05
-2.624037328777879653e-05
4.251077380131001977e-05
3.489880122294007603e-07
4.304441997146452265e-05
-4.506738679505180572e-05
3.583484816873505749e-05
-5.998066703662360019e-05
2.240452827046805751e-05
-3.273065387002191575e-05
4.251115317762852678e-05
-8.854390457107706898e-06
2.746881339606823126e-05
-2.480991201814783734e-05
-2.700369711632861027e-06
-1.650093488790170372e-05
1.000199942305468724e-05
7.403344234955998724e-06
1.186453380570618428e-05
3.068062652530863444e-06
-1.435489480911926531e-05
-1.106120860233902382e-06
-9.091606658788981254e-06
1.017249369675152026e-05
-5.352739581079957285e-06
2.676773513169963399e-06
1.209964509398972173e-06
-3.861346091826454492e-06
8.099046537195749337e-07
4.283163284644000984e-06
5.037806409351024139e-06
3.119375294160387912e-06
-9.474986295941563376e-06
-1.026998524876328742e-05
-1.531239572521047898e-07
1.212456361097554717e-05
1.254160299987483245e-05
7.210225841089821120e-06
-2.212913078547326250e-05
-7.864453723498284702e-06
-8.915629769239922630e-06
1.997535378881140915e-05
1.298586439823365348e-06
1.322301682523478717e-05
-1.792445454217001617e-05
1.223629731407583428e-05
-7.915749151014546490e-06
-2.669082293664569797e-06
-4.716277087432249864e-06
-7.312498757993659768e-06
1.044382384596080626e-05
-8.525156998376976457e-06
1.874639186061474380e-05
-1.007731412798907461e-05
1.035077107934811178e-05
-2.632724385625249963e-05
1.645582244832652884e-05
-4.422068515279054804e-06
1.851423848372286095e-05
-1.546656374000704524e-05
1.593571426837350790e-05
-1.456078520027729835e-05
1.771536017657472477e-06
-4.518836018513331445e-06
9.402330312436110596e-06
-4.321337128984127380e-06
-3.271495768469947260e-06
8.959955391591150481e-06
-7.261302542448027438e-06
6.550660764514813279e-06
-1.706953081638167620e-05
1.200783384429559501e-05
-1.144156366248857577e-05
2.394695407877549771e-05
-1.385717342665983954e-05
2.140271827396592565e-05
-3.492478001892932295e-05
1.461898425773050926e-05
-1.630667481422752363e-05
2.470973620177606203e-05
-7.730561467285861153e-06
5.106335408028704506e-06
-1.220977952765425029e-05
6.016999058244815310e-06
1.706634572473731659e-05
-1.516121570809341208e-05
-1.417268485298445172e-06
-1.674033410200346085e-05
1.043193277835185507e-05
4.930377520574335803e-06
-9.254702605234636293e-06
1.803097550220770698e-05
-9.695966870379530366e-06
1.812489847173484847e-05
-3.178986549075565958e-05
1.512668948508971627e-05
9.751224384977729559e-06
1.772529920711734850e-05
-2.593884514534945394e-05
1.469342686533978573e-05
-3.131257663184039506e-05
1.556932701020834352e-05
-3.229555375949090735e-05
3.896231514777687708e-05
-5.268397473804674390e-06
2.390778272963359712e-05
-2.072566222829589765e-05
-4.294067593592723766e-06
-2.254349758142797932e-05
1.298978857005879379e-05
1.036517214742454325e-05
1.796911649016882630e-05
-8.713025785407049403e-06
-9.761454286380083197e-06
-8.085006597922300074e-06
2.539506540240058034e-06
4.758029321750249237e-06
-6.599016205103803111e-07
1.114896015022472374e-06
-1.112734270621463378e-08
3.761645720673996348e-06
3.658889243778263900e-06
-6.731000462227133363e-06
6.852668101957669702e-06
-7.007900043333789965e-06
-1.150816658585326161e-06
-9.808577582212697369e-06
1.847325784591890972e-06
9.570591794242081158e-06
1.417891793963265977e-05
-2.215545311590931630e-06
-1.361127442476575251e-05
-1.485533580369904555e-05
3.496042903798164605e-07
1.645479108879031928e-05
1.193753917279646154e-05
-1.421756269394302478e-07
-1.341273524994520978e-05
-4.292403980373180072e-06
-6.360026756199103730e-08
5.700431925114709608e-06
-1.436875564900670079e-06
-1.196776422398760265e-05
1.345442392986233478e-05
-8.785903034005081158e-07
2.059175247663247010e-05
-1.988258873100755882e-05
3.927892073653585503e-06
-1.674603833429829259e-05
1.329065495641506070e-05
-3.917806732672482603e-06
1.653685865635017016e-05
-1.402087681620742699e-05
4.302991096301572553e-06
-1.947571949867748738e-05
1.777172841135280391e-05
-1.300901181098758932e-05
1.888842623381947901e-05
-1.057411460907861319e-05
3.692911789163161551e-06
-3.519399740755536487e-06
8.932658837259639011e-06
-8.636808484028588961e-08
-7.085876565553531591e-06
2.246356970583902771e-06
4.634396057674703708e-07
5.880323948336710311e-06
-8.950951945339905003e-06
5.043684094287001647e-06
-1.163510241253488485e-05
8.212425218122924945e-06
-1.456065279897974466e-05
2.177392760318208105e-05
-8.661518660193522811e-06
1.380064455735904817e-05
-1.905237369230034324e-05
6.529184232465815258e-06
-7.013352835327600751e-06
7.648117191198509674e-06
-1.829551476430287630e-06
-6.289669353729118381e-05
