-6.003871303449950680e-06
-6.319418396781584653e-06
1.846798788797472977e-05
-1.302408364878209975e-06
1.185200639840247269e-05
-1.418425108211409119e-05
7.253739423398859417e-07
-4.298738091509632012e-06
-1.778793319250831898e-06
1.828624785205929134e-05
-7.802615062161118642e-06
-6.409123056504683367e-06
-7.345210841046941123e-06
2.516543537963544685e-06
-1.471677147046398593e-06
8.230453183530814706e-06
-7.346009133170718265e-06
4.022150303472009151e-06
-7.435293127122411445e-06
3.721755373619702320e-06
2.318070386313444358e-06
-5.347655189452510022e-06
-6.211345709980280377e-06
1.602109845103417800e-05
-1.902742989972482544e-06
4.791114943951258932e-06
-3.701551748398100128e-06
-3.766890923493301073e-06
1.383021310581069582e-05
-9.278650927766877546e-06
-2.952019756277075437e-06
7.527179489472232872e-06
-2.279969651762260518e-06
4.423316664709827117e-06
-1.322450297450903140e-05
5.243170007333261921e-06
1.027350463914322350e-05
-3.009910471060641787e-06
-5.266373390291387298e-06
-9.205910533221511199e-06
-1.061575701411361951e-06
1.954014057258604147e-06
1.035827980696486308e-05
-1.827619666444335547e-06
-3.363871306693519222e-06
-2.753505098214572384e-05
2.098407064526274592e-05
8.362780326027815500e-06
2.658059607596744073e-05
-2.244206932132830639e-05
1.480583728795860416e-06
-1.820500563313506086e-05
1.128590718010739109e-05
-3.122705647879416314e-06
1.405262441099657509e-05
-1.144218341805048242e-05
9.731684012841411146e-07
-1.156708209904815736e-05
8.843583290409424882e-06
8.691466810817404808e-07
1.737971321694430610e-06
-3.656997684883398990e-06
7.875964895234555162e-07
-4.386331587376150560e-07
1.379138516444743221e-05
-1.113673490985905397e-05
2.553505695153568980e-06
-8.474450529321822054e-06
4.926619422700360637e-06
1.788929597622442200e-06
5.338888055001752733e-06
-5.971826643654285860e-06
5.016361246035633168e-06
-9.180517432633300432e-06
4.033290145130058656e-06
-9.153618680231457590e-06
5.006004783358964197e-06
2.691164262548944180e-06
7.621921045013834410e-06
-8.019657994985592651e-06
7.749241012424770053e-07
-2.979221949270057921e-06
5.119395814183747616e-06
-6.397622426945923397e-06
3.631740123914702684e-06
-1.923456579441971736e-05
2.212052242125749391e-05
-7.360669531944606279e-06
3.050607362012154716e-05
-2.978322765706966464e-05
3.147723103559364470e-07
-8.888878864813917473e-06
1.505923724566801599e-05
6.392081625179964762e-06
-2.693597612970323833e-06
-5.969512392967839576e-06
-1.812788504063463568e-06
1.626524164116879620e-05
-1.861770065637955240e-05
6.789561464102594477e-06
-2.062477535430975618e-05
1.437769189308997917e-05
8.019734352485747718e-06
7.116810494578256202e-06
-1.662545258674024163e-06
-2.980539878874433990e-05
9.907451828895372025e-06
4.504752810928320340e-06
8.857138408919449038e-06
-7.729866558092909686e-06
1.049726013163820266e-05
-3.781911601568629522e-06
7.044580909084596948e-06
-9.969500840269604326e-06
1.146539971735455199e-06
6.754080892764282897e-07
1.539709475369770978e-06
4.328750169777077275e-06
3.417630083139242126e-06
-7.097173674108201263e-06
9.080342191558613530e-06
-5.448710197551174991e-06
-4.717914240651541297e-06
-8.919475834751863829e-06
-1.272296715611704541e-05
1.769316201251139626e-05
1.363456408892513535e-05
-4.032693084773605625e-06
-1.343812143650886475e-05
-6.348150422416352685e-06
-6.830516542973933886e-06
1.272466770384183784e-05
-9.920889399065337941e-06
1.872232184849310948e-05
-8.176607766766622623e-06
1.048104773135918234e-05
-8.620884859429254424e-06
2.530412016009099588e-06
-3.787863110068801089e-06
3.053052030835146842e-07
1.291653935807719748e-06
1.386335230766465406e-05
-1.049611409420183679e-05
-6.067383916180797723e-06
-1.739501777684679621e-05
1.821916664216599124e-05
-1.595185717673911437e-06
1.382688923035226302e-05
-4.412895562477342371e-06
-7.938183934166868910e-07
-1.264941865632528213e-05
3.582673302955865192e-06
4.770035239847946575e-06
1.466277411257889507e-05
-1.641671727941700235e-06
-6.553415014752415397e-06
-6.774887219571761258e-06
2.512374207983965145e-06
1.165441898325433488e-09
2.911745264725523407e-06
-1.657884763422551425e-05
1.609171198811642923e-05
-5.346565737745156369e-06
1.914415441338260831e-05
-1.828118342330793130e-05
7.316002844381412231e-07
-8.513503087059161621e-06
1.200733599018994683e-05
-5.167006518821125563e-06
3.247506535635214913e-06
-1.166397096391922161e-06
1.097481897589337693e-05
-1.089160569399537917e-06
-6.924491596067447487e-06
-1.205288265760725266e-05
2.810713526039366047e-06
5.307765681391531395e-06
6.605447396871611179e-06
-3.955389032339669833e-06
4.140468333876803408e-06
-9.946475302762520192e-06
1.860061942388276259e-05
-1.602789386719041744e-05
1.450613134633656421e-05
-3.018803352213081398e-05
2.351597088784968055e-05
8.157900517243121679e-07
1.587884194529841174e-05
-2.196346605297586069e-05
-9.913278893181191366e-06
-3.694476591667568531e-06
1.351585096327671693e-05
-6.884119806165873545e-06
-1.236198003435697417e-05
1.916078243315706925e-05
-1.542874991492194432e-06
1.665866440600680687e-05
-8.810635278502463588e-06
2.491407185643944621e-06
-1.394990426153985999e-05
-9.321039613430992185e-06
1.640615203264942460e-05
1.364936336522664369e-06
1.223827194831301646e-06
-2.609153917555927161e-06
4.877201259768972176e-06
-5.993208156820370048e-06
-5.692731091795450291e-06
6.543774068116915413e-06
-2.034382448138994953e-06
8.091732394837733742e-06
-1.810480476723307287e-05
8.262186717039887051e-06
-4.794372608276786598e-06
9.968160669747083976e-06
-6.021267354014781792e-06
-9.451285393314993229e-06
2.193566246041132564e-06
3.122005419570570069e-06
7.562140185450612594e-06
9.436423355140812554e-06
-1.382446367139559190e-05
-7.169228949409688436e-06
2.706041428681125817e-06
6.171466031358820343e-06
9.557456202455201985e-06
3.603618756869963782e-06
-7.577746442677795771e-06
-6.875736299464884444e-06
-1.217497071061920073e-06
3.102317916938423686e-06
3.066452767800572414e-06
-5.963971266683678985e-06
8.335339264046708543e-06
-5.905513497656666294e-06
1.241408023158825447e-05
-7.470619216077728326e-06
7.116629928613353402e-06
-1.275169877714721129e-05
8.846849461549286786e-06
6.186208150227736114e-06
-4.630210037360162680e-07
-9.607892050343706184e-06
-1.325760496210553514e-05
-8.397549794235379086e-06
1.917260751565137711e-05
1.554971078773185406e-05
5.367927922038996713e-06
-1.933313997239279985e-05
-1.061757388867063149e-05
-6.006106890700255036e-06
1.989511868866282565e-05
5.414205211992137452e-06
2.887694298555655062e-06
-9.631261078607171916e-06
-8.697143077551252861e-06
6.086028617297334600e-06
-4.219564565626192303e-06
1.366962686452540394e-05
-1.469811704880466007e-05
9.737982061567028230e-06
-1.595474761709106805e-05
1.549766209503503848e-05
-8.683122361943656578e-06
1.284580639359506490e-05
-8.606579309981592720e-06
1.533993844267009304e-06
-9.483947093611866527e-06
2.946673005146692875e-06
6.104787727866765884e-06
1.212229328999089606e-05
-1.456418443733808602e-06
-7.923350169388352111e-06
-8.462998303121049899e-06
4.056458873557514793e-06
-2.345769933274620512e-06
1.252169490155584752e-05
-2.066800135292445851e-05
1.366037075393180888e-05
-1.624634910451533911e-05
3.286961568369329792e-05
-2.118985187006214456e-05
1.053368893602371580e-06
-2.212413494971021691e-05
2.194599789494309730e-05
7.022190070107792624e-06
7.689146448343625736e-06
-1.310496512649192435e-05
7.022181105321000754e-06
1.369177084290576180e-05
-1.918231414380138240e-05
-2.267383370349213169e-06
-8.991888804538871225e-06
8.365197527872712444e-06
-1.031653710523282782e-06
9.466234402174222140e-06
3.605798857953075375e-06
-1.317972339637509663e-05
-1.151286843742968297e-06
2.402853438188516689e-06
-1.367318539011076688e-05
-2.491287386183615524e-06
1.150136332610331754e-05
1.155415820715298682e-05
-9.505022140586166177e-06
-1.012419122395231026e-06
-1.337751911245115951e-05
2.132218569929945714e-05
-6.629344096896304931e-06
1.274211471872411128e-05
-1.509829282670266799e-05
3.745876701744908805e-06
6.482009281226628792e-06
-6.912068655965076066e-06
4.636706610883059857e-06
7.695509648127939781e-07
-1.079817472498841335e-05
1.229643562410116895e-05
3.413848821624440522e-06
3.143889730823808889e-06
-8.012823527467323399e-06
4.891715853445645967e-06
-2.228274719140174931e-05
1.618555577823279089e-05
5.366913058549185626e-06
1.018219536938100403e-05
-1.405288380848457006e-05
-9.513888942829494701e-06
1.514921012948016641e-05
-8.047005665065807580e-06
1.049504309254299929e-05
-2.158440424461178914e-05
1.052235772571059384e-05
-5.356494213989908301e-06
1.036853252586696115e-05
-7.368367866250983219e-06
-1.010370654653229431e-05
8.517416100993003333e-06
6.974595580630890209e-06
1.400962985532369880e-05
-1.367656948602303264e-07
-1.796359705970633302e-05
-1.389045863168302683e-05
-8.661214871946513181e-07
1.581681116077633762e-05
4.331735625490602668e-06
7.362655446640334241e-06
-2.056360056074664711e-05
4.058575460482636738e-07
-8.669236357713828339e-07
1.440981471041457337e-05
4.564207276964804399e-06
-1.385920536842332653e-06
-5.633638208776416073e-06
-1.075735899602778568e-05
9.371409984022150308e-06
-1.248441673830207122e-06
8.641186126021473368e-06
-4.602226866363169192e-06
-1.407158101999085740e-06
-1.210248964639083211e-06
-1.088915575590881509e-05
1.097832801039706126e-05
-1.904527622735720719e-06
1.104382138482316663e-05
-8.811415047081856507e-06
2.120976202493710482e-07
-1.168851155951318855e-05
5.145443134064333723e-06
-2.703386902588406208e-06
7.584666074949157123e-06
4.194480168219065044e-06
-4.821020339518711402e-08
1.182536098086262578e-05
-1.426198806291908506e-05
5.625624183640264719e-06
-2.062686774021793576e-05
1.717092236553379077e-05
-4.774409935276221379e-07
1.532871546548728701e-05
-1.535511093679737778e-05
-1.779814455645123495e-06
-1.380906149370241100e-05
1.335108885769766851e-05
-7.767794648485697634e-06
-2.619227579465056450e-05
3.006978911084571090e-05
-1.849841577178511773e-06
1.995620048223565080e-05
-1.517282727003371429e-05
1.037912144835212447e-05
-1.466552127086330942e-05
-4.454972230119502767e-06
1.202144449634658921e-05
-2.867349022322334797e-06
-4.802914556345752995e-06
2.522075037237156452e-05
-1.004793497960991106e-05
-5.818144648956675013e-06
-1.209857648432191012e-05
1.675321938555769441e-05
-3.423443241281752129e-06
1.707256529608045217e-05
-1.936470238977106717e-05
3.587143367480507613e-06
-2.445821479928605307e-05
2.977074642280245730e-05
-6.563001535202978583e-06
9.122025498809320108e-07
7.648362127008409188e-07
-3.576371041979469149e-06
-9.459130603746830580e-06
1.731194476649826732e-05
-1.074506202605601507e-05
-1.562722249291115495e-06
4.938992637058233443e-06
-1.794926538647323206e-06
-9.696089477237007501e-06
7.264132197324787425e-06
-3.511269580827146235e-06
-1.415408666715050903e-05
1.337045824452828331e-05
9.421045684785588547e-06
1.158683630511688933e-05
-2.999631887357696286e-05
6.481028547178073196e-06
-1.689608749489843393e-05
3.408622459022296396e-05
-1.216469001481578014e-05
1.303419767998020624e-05
-2.073226697027208556e-05
1.249593712383143755e-05
6.640979780306712697e-06
-1.047980458600852828e-05
-4.343366889559984763e-06
-5.750550708644677590e-06
1.341532933911819829e-05
2.821857136256117754e-06
4.619773706130385818e-06
-1.307526247086577568e-05
2.850509339532657685e-06
2.165953152008927292e-06
1.081780067178987982e-06
5.696265731482223783e-06
4.805545520421497083e-06
-2.208460462831565331e-05
1.120601264133471476e-06
-9.735118579197204442e-06
9.655289832503220662e-06
8.510697000876287578e-06
5.176044089385629777e-06
-6.032513278357939544e-06
-5.302356932255776305e-06
7.226224079710292340e-06
-6.867729139494188080e-06
4.666915476412883640e-06
-1.519602039844146886e-05
2.414182073334272601e-05
-1.235298016486371502e-05
1.282925909447408792e-05
-1.592173196302612543e-05
4.010823384443367443e-06
-1.660696629006702137e-05
2.642779041390331437e-05
-6.868063348418609579e-06
1.800344776766753526e-05
-2.403937652384347396e-05
2.153282983650325629e-06
-1.877019935243486382e-05
1.568204570819122971e-05
3.124560209715405389e-07
1.354072548862598438e-05
-9.094126971806845889e-06
-2.939976198697359755e-07
-6.976818919802667450e-06
-6.694237818111638910e-06
9.337713857351405332e-06
8.716705711192026583e-07
1.958892784641697672e-05
-1.748823254478160390e-05
6.109396937716481148e-06
2.782076108290966484e-05
-3.418907952160175413e-05
1.342400215678123068e-05
-2.359474169196439460e-05
1.213811528944675458e-05
-2.886198802916605790e-05
2.173914809792875324e-05
9.097326537245211948e-06
6.069912672758193928e-06
-9.251464527821478840e-07
9.633013792441578587e-07
-2.805027409037969650e-05
1.228274683620574114e-05
6.964921182456073012e-06
1.515104725372078233e-05
-1.870189217816271062e-05
4.190977460217306470e-06
-1.432412798097633174e-05
1.006210449926752021e-05
-1.695467142051399372e-06
8.760288618035011907e-06
-1.060443568822272512e-05
3.163667450047312898e-06
1.388171518885746166e-05
-1.714401635136744142e-05
1.979337427336399318e-06
-1.186833148571086744e-06
-8.045682714752386839e-06
1.271066945471891970e-05
4.641267086414593160e-06
-2.645843456771888654e-06
-5.671446952970384331e-06
2.729182005876307999e-06
-1.418534175415047710e-05
1.924167241546941584e-05
2.079635146664074609e-05
-3.288580102869513390e-06
-1.982124604320652898e-05
-1.923069397156332752e-05
2.078543558255200013e-05
3.325899777729234522e-07
1.685350493801480063e-05
-2.402155476505904818e-05
2.730444515349737737e-06
-5.477407913496109391e-06
7.006071960852287587e-06
-1.436269206481081271e-07
-1.061665926151551596e-05
1.941666598433181183e-05
-3.751650037217710267e-06
6.565733263036187519e-06
-1.405171942434992521e-05
-4.169876951157211451e-07
-9.712064834045612579e-06
1.797678367331177583e-05
-6.054238888509567422e-06
4.601803448934689363e-06
-2.930785780379204837e-06
-3.094938794908775420e-06
-1.024815986896898715e-05
1.884743287131368137e-05
-2.634742212672419405e-06
1.643898560632870315e-05
-1.781062342358861181e-05
3.897327253509552588e-07
-6.589108542486851679e-06
1.434063605713902797e-05
-4.488002602371644145e-06
-1.239491722587994168e-05
-4.236859415975895343e-06
1.171136938096004377e-05
1.752095156271381572e-05
-4.801931691410043997e-06
-8.489406342079788717e-06
-1.591954173187654239e-05
3.367553941737529644e-06
1.282484095694605060e-05
2.676085721777737381e-05
-2.295966676445350979e-05
-7.137934921563980612e-06
-2.467522249187409654e-05
2.024875247331633279e-05
1.127642594426251354e-05
1.785475696352445356e-05
-4.029519844205378077e-06
-1.567711334831755089e-05
-1.277781791201336919e-05
-3.581172812173564001e-06
1.245937561194374995e-05
6.459452824514296086e-06
1.428495973084863708e-05
-1.748176188938031799e-05
-7.094276565564302246e-07
-1.884175812215587109e-05
1.973093470316239278e-05
-4.037672153761476265e-06
-8.919630842887470276e-06
1.252325297437132983e-05
7.721892858517636081e-07
-9.649838097205968710e-07
-2.092640583508256641e-06
2.792191224035702925e-06
2.307002590018315575e-07
-1.744226759139778162e-06
1.480334642926527968e-06
-3.652425868962851775e-06
-6.770058944527243204e-06
6.298721412064833276e-06
5.190488591185748730e-06
-5.765281954979270104e-06
-9.186594236797465541e-06
8.907450025479464836e-06
6.582831273407346764e-07
1.340780975800029287e-05
-1.272388652075252574e-05
3.807757711325423924e-06
-5.227655684390815616e-06
7.785671793590736779e-07
6.336183207996835981e-06
-8.038416375059461485e-06
1.528356688318258295e-05
-7.068628430048565875e-06
5.921181682387422275e-07
4.407499079915619205e-06
-3.021164590555400836e-06
-2.657832879574091547e-06
-3.202889325128100600e-06
5.282939790686417272e-06
-3.151344869655793059e-06
1.232968936166505526e-05
-1.066943711652052317e-05
-1.313917387729365396e-05
2.873773523772782150e-06
7.688831562027354834e-06
1.339464970248260181e-05
-1.143351592526555494e-05
-3.661935049132035516e-06
-8.142830928987816337e-06
1.155295666008209537e-05
2.912820697716589337e-06
-1.017951778516134892e-06
-1.306408016035157968e-06
-2.684687332383339687e-06
5.799946181140415896e-06
-1.540360721199247041e-05
6.482879694376511692e-06
1.207601156149832133e-06
7.161170202895815532e-06
-2.973087985935579547e-07
3.880453363601922648e-06
-1.445783291723551048e-05
8.230986071584571771e-06
5.044148591754544882e-06
3.899506130134250169e-06
-7.270507867654725920e-06
-5.167048204245311527e-06
-6.562110939095850467e-06
1.030157672632402254e-05
-1.212854719922715794e-06
3.836969853678262138e-06
-9.773404274879915970e-06
-3.633140328068089338e-06
4.492071598509738752e-06
2.884452790708253091e-06
7.148256885424497347e-06
3.761302017612402176e-07
-6.504437016122915867e-06
-6.586525499865548051e-06
-1.111950018916015589e-06
5.382375569821819442e-06
1.256820704703883821e-05
-2.893947189182301307e-06
-1.327074736802911733e-05
-2.669062681894055340e-05
1.427729862077174204e-05
1.567626450192136604e-05
2.411233098942843013e-05
-1.452446840028600592e-05
-1.481912179495032035e-05
-1.507337843421744594e-05
1.545044901382165345e-06
1.507643867035360499e-05
6.849878070660350821e-06
1.993525613763954797e-06
-8.292310087604181886e-06
-4.337565990382156981e-06
-2.589042175279971815e-06
6.350333552157383541e-06
1.634280469948627721e-06
4.402257578348642397e-06
-6.251406814898979284e-06
-4.880919296512209129e-06
-2.466876846298837583e-06
1.020345053933184046e-05
1.154534865528881390e-05
-4.341175052741945980e-07
-7.667541873201336793e-06
-1.158508519430114617e-05
-8.643445377634710456e-06
1.694641251757459714e-05
1.437282206823610097e-05
1.317087075653916504e-06
-5.188699535043659130e-06
-1.400078835994918224e-05
4.008070506595895466e-06
5.336954459587494399e-06
1.068135674353445261e-05
-7.549510729800143480e-06
-2.748603494456807414e-06
-1.192668279978529320e-05
7.464489509497769306e-06
-9.767986516707899435e-07
6.150150846161026677e-06
-2.484536002031456727e-07
-8.854419593109835303e-06
3.374878524872376274e-06
-5.612040196775769870e-06
2.062497903499989430e-06
-3.134915633137397748e-06
2.122574925921312025e-06
-3.611300737603865535e-06
6.286156295149223928e-06
-4.371181331461506650e-06
-2.445194666577677137e-06
-1.972503059475415393e-06
9.751884522449813606e-06
-1.031211216387016043e-05
1.938451854327087066e-06
-1.039484590121628345e-05
1.033225813330033736e-05
1.701163162678347080e-06
3.134716088524588414e-06
1.146611946792721287e-07
-2.497312345803655539e-06
-5.017747987994265007e-06
7.453513953914665123e-07
8.687977503418134321e-06
-2.643872630613015778e-06
-5.505965057488302713e-08
-7.551718455749692531e-06
1.429317634647305198e-05
-4.985367130138600568e-06
-2.031533877536606293e-06
-7.313968433895311211e-06
2.144072989601304981e-07
-1.142877529953676735e-06
1.008555420645111932e-05
-3.437224446780578816e-06
-5.898809625080879617e-06
7.755762938830980353e-07
3.893133234451029063e-06
5.199377405343461508e-06
-3.388689475882631512e-06
-2.993721360445666603e-06
1.457436228836176031e-06
1.275627976978575428e-06
7.301828602509256863e-06
7.059840731810794539e-06
-6.409527170972973498e-06
-7.528141717825042700e-06
-1.494103847808330887e-05
7.387875490098858753e-06
6.593935996375564467e-06
1.307615434908226188e-05
-1.620636429920938712e-05
4.656266804157042520e-06
-1.439739126654586686e-05
1.327967820853001036e-05
3.368733094519626355e-06
2.389124825569463931e-05
-1.269703084473927280e-05
-1.046824397673731704e-05
-2.018594549077314519e-05
1.478230369953648852e-05
6.540207457756188582e-06
9.517038171294605023e-06
3.478870513874875692e-06
-1.194269529407490069e-05
-4.210256846269088500e-08
-5.784640598209360870e-06
7.971547018945760485e-06
-2.144819473640835487e-06
2.555520916337792918e-06
-3.383375883932143612e-06
2.030032302544729972e-06
-8.605682444934054453e-07
-4.911090373616342672e-07
2.834806665290346678e-06
7.809950450241983987e-06
-4.611331216452082610e-06
-8.969608306430287565e-06
-2.295901394122288780e-06
4.073353370050093401e-06
6.415773830524126822e-06
7.792835343187856813e-06
-1.164483517908234654e-05
-3.905122635865669519e-06
-1.413460675183717071e-05
8.014340677004713458e-06
1.092123874864847836e-06
2.578393157202013347e-06
-5.536610685517565262e-07
1.230650539901166580e-06
2.744941213181506952e-06
-8.740565270384231320e-06
-7.618686313266071058e-08
-1.468611773839949256e-06
8.705422893071030959e-06
2.145766637319361338e-06
1.745985158376183046e-06
-3.319527219331846647e-06
-1.035103926634970307e-05
2.778618856970741436e-06
7.056486397774621588e-06
6.991967666414488325e-06
2.097925675947566785e-06
-4.558634014510481135e-06
-9.129958013162411674e-06
2.237682922206683949e-06
6.697954046380845103e-06
9.792260106913452353e-06
-5.434979324804718162e-06
1.131608412881280729e-06
-5.836165350360344764e-06
2.153573917289943561e-07
2.707783368971138050e-06
-1.764332150349205996e-06
8.301085385589451765e-06
-5.791496821034605274e-06
4.828514145946766396e-06
-9.091643430975249711e-06
3.186604848255108453e-06
-6.942685085091037021e-06
1.070819036320613829e-05
-5.558302505588234613e-06
6.589983812568773039e-06
-1.054052058823894361e-05
2.446940717409302863e-06
1.668618161691168424e-06
7.081158726596229514e-06
-3.881615978732412840e-08
-3.057611894212284148e-06
-6.189911589346800936e-06
1.379450047455564646e-08
1.014061764024900861e-05
-6.294463324009669713e-06
-2.258218884210183744e-07
-1.014776489739868114e-05
9.706902597051100833e-06
1.485587264100540036e-06
1.068636695204232820e-06
6.154960841515936324e-06
-1.538459998153073293e-05
-6.608867608273216165e-06
5.023957134119475085e-06
1.016147887871942390e-05
1.317904679590090844e-05
-1.600879518485181301e-05
3.176467205472890805e-06
-1.001208519440243266e-05
1.670375949841444930e-05
-8.153464700281530257e-06
9.823788302010833543e-06
-9.996730858261630118e-06
-1.836744372888926931e-06
-1.696092194609064130e-05
1.104997122733050040e-05
7.440739719102975015e-06
1.500930690559932618e-05
-1.567994200647526227e-05
-1.940560641089333550e-06
-2.968057904892540411e-06
3.540195430250181923e-06
-3.531932222665956582e-06
-4.283375421986785791e-06
-6.241851013821325048e-06
8.174008741117548958e-06
7.449670965154301064e-06
3.104671769145893463e-06
-2.714592006010107043e-06
-6.957596239473239538e-06
-4.586133244381267226e-07
4.669137650974175026e-06
-2.482841065399500087e-06
4.405713557801899605e-06
-4.971658808341105093e-06
2.604567448246490918e-06
-1.436589167553463316e-06
1.168443293824672899e-06
-1.268182646936049685e-06
7.500924414014812369e-06
-8.460742554737499878e-06
-1.103190204380754988e-06
1.109111874044844910e-05
-6.142885588301988323e-06
6.839547410613835610e-06
-1.143397522149237425e-05
2.798150465539400684e-06
-5.676751798106290212e-06
-1.596012956822258119e-07
1.068448689038332860e-05
4.449714555250975338e-06
1.056544768626402617e-05
-1.768478314712991836e-05
2.341080997562784691e-06
-7.308727589832524996e-06
5.159409312122576679e-06
2.748000656253279409e-06
-2.056007362572228895e-06
9.968184936369590233e-07
5.649231816703651716e-06
-1.315985977455202151e-05
4.757759249022304373e-06
-1.609045425700112647e-06
-9.392692994068800756e-07
2.410789953034370206e-06
2.753713356462726638e-06
-8.326834092977328689e-07
-4.059959982508374756e-06
-1.167570642400006383e-05
6.967594110840574345e-06
3.970990198100796062e-06
1.357426019560299293e-05
-9.142418009939150660e-06
-8.539621698463312713e-07
-8.381967354732480546e-06
3.354041499493405871e-06
1.022440664343572725e-06
7.612084634121962039e-06
1.113015538197345134e-06
-4.485205754428924113e-06
-9.185678287062253218e-06
-3.712505367970227237e-07
4.651491352203840415e-06
-3.990763201480170908e-07
-2.860038168310237786e-06
2.106164025232520388e-06
2.712109897093156314e-06
5.914409663678593326e-06
-3.607557993542389465e-06
-6.987910887105184384e-06
1.108602860727140158e-06
4.190177498259384815e-06
5.880947356856623200e-06
-2.770846167610430472e-06
-1.332147060457949160e-06
-3.207756429838826298e-06
-2.124013057647427672e-06
4.913443301058052773e-06
1.085415424255695891e-05
-1.039322850334451840e-05
-5.140258540320931145e-06
-1.454204904820026898e-05
1.528078350585405747e-05
1.919845317802602451e-06
1.315679929297142010e-05
-1.485786667569106284e-05
5.463666692160917386e-07
-1.088019603134672969e-05
1.156624285483113512e-05
-8.055988233094876602e-07
1.632473492119414387e-05
-1.591891657878939485e-05
-2.227819677224169168e-06
-1.298472439191123511e-05
1.412704019399466657e-05
4.140292446889269296e-06
5.530333174390352668e-07
-7.190553477774383709e-06
5.183852395270909763e-06
3.995608782146796109e-06
1.497756576885246993e-05
-1.153515100903195830e-05
-3.126754514789839833e-06
-1.156814778299683511e-05
2.794728726674896288e-06
5.196612558666334097e-06
8.868891013809667172e-07
-3.232971504198118651e-06
2.196702239180547956e-05
-1.917365148535326864e-05
-5.906793557304524604e-06
-2.877651049606295367e-05
2.654065273792114815e-05
2.672530352972876443e-06
3.618139044616400167e-06
-1.918623745268507020e-05
2.008959892485446462e-05
1.172529696024992065e-05
-1.756517245208213721e-05
3.820169393251836987e-06
-1.279233079389959357e-05
8.723891923614109106e-06
7.195558613354230751e-06
3.637104330560415753e-06
1.649975957922055213e-05
-2.296932463158871048e-05
-1.791153590324920245e-06
-2.095167117337340263e-05
2.247970665421702752e-05
2.415472558731174700e-07
-5.258515815974722330e-06
5.838470540946989137e-06
-6.007762880790240575e-06
1.393960665639554736e-05
-1.050638470220149187e-05
-6.057420678353263202e-06
9.105301434116189839e-06
-1.061751122712015136e-06
-2.078873580810602903e-06
2.863399516227473155e-06
-6.548232986703313749e-07
1.516730335012929800e-06
2.160918228023892663e-06
-1.057879314527895914e-06
3.701934850980209476e-06
-7.273660257679380203e-06
1.925189233009827296e-06
-5.594118079541601741e-06
8.870618822139138840e-06
-2.248427972637660140e-06
1.173640499787237385e-05
-9.808014266927520374e-06
-1.870457341782386411e-06
-2.044435540004749851e-05
1.274460707342932082e-05
5.515805625098212790e-06
1.533386191588157990e-05
-5.726353297850279859e-06
-8.292611888109912636e-06
-1.809212043708812984e-06
4.975119248905317670e-06
-1.425644981190980058e-07
5.310053759696323620e-06
-2.020328615768319459e-05
1.167616419359967321e-05
-6.091152333870616890e-06
1.780133571846420572e-05
-1.048913527249427181e-05
2.408899242870506699e-06
-9.142250200415944311e-06
7.111330226919933002e-06
4.625242252074939281e-06
-6.272693190005549084e-07
-5.627518053561554111e-06
-3.188251195646732656e-06
-1.846054654400930378e-06
7.234901139945121873e-06
5.158850669026443892e-06
-5.896936260648797652e-07
-6.884821413941790723e-06
-1.067665964646752591e-05
1.018219960728767235e-05
4.030765437954732656e-06
7.898906145514086782e-06
-7.901624239160731511e-06
2.267936081435535702e-06
-1.732369927762925365e-05
1.426007747515515249e-05
-5.104151055872014269e-07
1.131619652837656827e-05
-4.236046707144475759e-06
-9.873817387208630024e-06
8.472051448215706061e-06
-6.806141752641268938e-06
3.700719888035383244e-07
-1.137403107181022303e-05
-6.097602416227963826e-07
2.887331768558387745e-06
3.420300654016934026e-06
1.281438335105236181e-06
8.547169249195721183e-06
-6.615580954487155723e-06
1.028127529780684949e-05
-8.400128618923645061e-06
-1.632924860014033344e-05
9.873101925067454806e-06
2.612061384336373773e-06
2.666763096318147685e-05
-1.814688104015721069e-05
-2.181189976898520723e-06
-6.737343818040264753e-06
8.300836773696054077e-06
-8.437318878052941005e-06
-9.001698084372835074e-06
1.846512029790805561e-05
-5.384921825551006549e-06
1.411789386018993373e-05
-8.663677428115122386e-06
-8.472268723441362943e-06
-4.572447326404241802e-06
-8.950006252236357860e-06
1.569415074387025622e-05
2.961335563562620742e-06
1.431638316834801766e-05
-1.912969826560053529e-05
-2.142946736850887768e-07
-2.850904264709597935e-06
3.505197240861959429e-06
7.354237568972518067e-06
-4.832142919450559923e-06
-1.650988112038969891e-06
5.414724454599258863e-06
-1.387206982677361398e-05
8.867257121485513772e-06
1.749083482094862946e-06
3.818731303369584309e-06
-6.997284055411834386e-06
5.371883632882183647e-07
-3.439023766777461521e-09
-1.184449098089884230e-06
-8.576018769489198302e-06
9.056628378653727383e-07
6.658692718813632251e-06
8.834343782981054797e-06
-2.187459827418374013e-06
-5.917077711531599357e-06
-7.003710542582453610e-06
-4.718013013020060345e-06
1.078789789278637444e-05
9.506218090670604361e-06
4.491815865400957636e-06
-1.265744263528596076e-05
-6.735624572643170037e-06
-1.014033511497757622e-05
1.469206168616244191e-05
-2.712588235689510940e-06
5.153362632168281355e-06
-3.111723897080787430e-06
-1.888974158491494999e-06
1.030061779225643696e-05
-5.946449136007474943e-06
5.473616755471779030e-06
-4.950223759927085981e-06
-1.823488803869113539e-06
-5.172813072963191481e-06
-5.448899940054166734e-06
1.268110931918058239e-05
1.967516850587808824e-06
8.877914822494186055e-06
-1.316621060494139175e-05
4.342764133472037454e-06
-1.146497342162569854e-05
7.851492693738634527e-06
-1.034579439172332272e-05
1.425358223057411418e-05
-2.563920079563954345e-06
1.073686716367946956e-05
-1.020560744104436034e-05
-5.191558766401283670e-06
-9.292236712751835684e-06
8.954725422106035924e-06
1.786710286025809115e-06
1.990978087892332333e-05
-1.709096269156678427e-05
2.734654029084208465e-06
-1.455751341409403476e-05
6.765978592346080247e-06
1.956209446210919006e-06
-7.552235188832063800e-06
-2.027150507112847635e-06
1.359263350841274570e-05
8.894314394624583492e-06
1.370285972827121333e-05
-1.576792887972402310e-05
4.443895949613532590e-07
-1.364056189541248032e-05
1.706226601330165083e-06
7.824534118510409873e-06
-3.645962179390414884e-06
1.609336758430303671e-06
1.192567641912394816e-05
-4.280406430957834550e-06
-5.177227875863329609e-06
-1.980232055310681894e-05
6.495948210582702025e-06
9.336056485359150311e-06
8.205858856956887515e-06
3.934904686633414271e-06
-6.474017117209487682e-06
-6.477018996978888313e-07
-1.363765027522461793e-05
8.180314718654606201e-06
-7.076789077493552363e-06
1.083733209983730653e-05
2.354358446973827951e-06
6.194598735774511805e-06
-8.304158289784629318e-06
-1.885462608970950355e-06
-5.080865959842435888e-06
1.551699846697904090e-06
8.797103431387411136e-06
2.275794229199018028e-06
2.644622446859151824e-06
-6.259432010278303282e-06
-7.194242905742444470e-06
2.043181435089535485e-06
5.217695630102693069e-06
-2.736903768195389021e-06
1.025542946680286023e-05
-9.876426530301019729e-06
6.343691821816140607e-07
-1.125523798332772093e-05
1.202525939996862504e-05
-5.751155554620382616e-06
1.305929266428904165e-05
-5.893201430386752771e-06
6.169103667293975284e-06
1.701907279336729373e-07
-6.288597589193279219e-06
-2.719230942451830198e-06
-9.243482366566099518e-06
1.237685951363530184e-05
6.910798521651838444e-06
5.998785028986010263e-06
-1.181045642711148929e-05
-9.759136305885606153e-06
9.404580745568550172e-07
8.278705085514094530e-06
3.215606464512985934e-06
5.218194340420343147e-06
-8.318197916570902638e-06
3.777192998667281788e-06
-3.916884574589240886e-06
2.265783647834474888e-06
-1.393918229354468742e-06
6.811092392110979349e-06
-7.906450387527740644e-06
-1.394717550247679942e-06
-6.866719015141390857e-06
8.910443827307985533e-06
3.641571293328650420e-06
4.529814137209155470e-06
-7.367411043718802646e-06
-5.406731126971787226e-06
-1.042979666838636672e-06
5.316212968815481449e-06
2.860899566947292759e-06
5.549612344551267757e-06
-8.847601249848531752e-06
1.345379050600552807e-06
-7.110223139977469558e-06
6.950403831528584565e-06
-2.248894059416861676e-06
5.497390919816599761e-06
-1.643593142499344482e-06
5.017938443720623089e-06
-1.040750824506222393e-05
3.360228883284798190e-06
-1.087113513546834660e-05
2.036115921069171593e-05
-1.351389753037900367e-05
1.011063048384529903e-05
-9.586507174260482548e-06
9.057722117263249564e-06
-1.738684170472820926e-06
-3.269452216666837364e-06
-1.377870098005163646e-06
-1.144852041227529808e-06
-6.112883429338736397e-06
-7.151618620772450480e-07
-2.080698237470886474e-06
5.702812845079830063e-06
6.079064399817519021e-06
-8.926851973955862477e-06
9.079114504330464949e-06
-3.453279195542381091e-06
-8.844950547960232429e-06
1.920387128653715640e-06
5.769716765217618583e-06
9.840576998636309844e-06
3.861026683518187953e-06
-8.338447691884575102e-06
5.264684162004831165e-07
-1.234701647484076739e-05
5.028733653552571917e-06
-4.629084340128736955e-06
1.393422605543193736e-05
-4.032601808579902405e-06
1.782658358991767825e-06
-6.987400191913677247e-06
-1.947549440373906362e-07
-5.641162094736813860e-06
6.258912562181181144e-06
3.132466960168246659e-06
4.737339742917317099e-06
-5.973266472123494418e-06
-5.464982153853410403e-06
-4.408391096796758897e-06
1.259502437627458947e-06
4.486583085019933126e-06
2.799095965388956780e-06
-1.046834737777777828e-06
-1.812114432565675100e-06
5.221283800917614495e-06
-1.132460539805933916e-05
1.008967856080036597e-05
-1.285336292626705427e-06
1.187285238402279486e-05
-1.315506071484751073e-05
-3.807688071851519696e-06
-1.384978102386648530e-05
1.838286724335491662e-05
4.695276779263907841e-06
1.292990318353450307e-06
-8.266566672608631280e-06
-4.433286180100714575e-06
1.307841095575217631e-05
-7.343246064801304679e-06
1.988572996197412662e-06
-1.733535020077352050e-05
1.129395695387705159e-05
2.670599554960717655e-06
7.633221416988694765e-06
-9.922134402239908010e-06
-4.379344887410997781e-06
-7.779119256327878996e-06
9.900839796265531359e-06
1.195520669232169765e-06
1.492173608915522191e-06
-1.121152357588276483e-06
-3.110848510122352144e-06
1.059085791802965603e-06
2.839849723263600421e-06
5.987018585102980990e-06
-4.761448558446330479e-06
-1.954835009638036621e-06
-7.770126932969740298e-06
5.892068397869994648e-06
3.024085277944444955e-06
9.025522409189785884e-06
-8.727063697692477148e-06
-8.941783454416620988e-07
-4.396655900082750342e-06
2.664404117079210989e-06
1.057776722231968556e-06
2.399119401616756032e-06
-2.307815844693809386e-06
6.356215779039661871e-07
-4.193924360368714338e-06
6.309279559716149372e-06
-3.881336940586531528e-06
1.138352878467618233e-06
1.571251611190300363e-06
2.674282242659777384e-08
7.421458779950416371e-06
-1.815465164835655169e-05
1.231373645497111548e-05
-9.566128772144173858e-06
7.213053135111122632e-06
-5.374319888337515189e-06
8.686835163310071829e-06
7.554746470059358449e-06
-8.695379969849728496e-06
-4.636977204754107216e-06
5.931969051355945040e-06
6.303629855235316416e-06
-1.460920848731722210e-07
-4.847264258658504479e-06
-9.949205945973712057e-06
1.068712774010082992e-05
-1.517725964881759230e-05
1.110514532957340423e-05
6.579190438302867517e-06
-3.126660582467608788e-06
-4.907610759036965355e-06
-5.037946224732667874e-06
-1.186186376917945670e-05
1.279529341441712069e-05
-4.003880501903287159e-06
1.799264718554221445e-05
-9.790536061712347884e-06
3.340010344523655288e-06
-1.446459374306187515e-05
8.106801722486013250e-06
-4.594986739030191129e-06
1.469169202919824052e-05
-5.060310956653851838e-06
1.256714943260633253e-05
-1.782869153141785910e-05
8.843080900175514379e-07
-1.198789301830206964e-05
1.430342130338249214e-05
3.242346907348239672e-06
6.430352797687485888e-06
-3.393302205361135497e-06
-4.920649224794852115e-06
-3.440488211576419090e-06
4.331808592393088096e-06
-1.893083185460595997e-06
-2.872096457092922222e-06
3.035894105056379490e-06
-4.862887835427697936e-06
7.359680851701935693e-07
-6.801800263434271715e-06
9.038993438725838098e-06
3.414675191095844743e-06
9.879146973210597830e-06
-1.414065513195665591e-05
-7.265086348318780997e-06
3.774283387524555219e-06
6.534311017658390982e-06
2.140416916050084034e-06
-7.314955032467127435e-06
2.817241726717731522e-06
1.911740273205379790e-06
1.381365850314951011e-05
-8.602398106834290728e-06
-3.164996027007128066e-06
-1.334900828066725272e-05
1.542264720971118748e-05
4.928629428954001501e-06
1.030726651594162636e-05
-1.628931036102374555e-05
5.347448597695605938e-07
-4.047258317957843149e-06
3.617847065428383374e-06
8.471287298985071770e-07
-7.136769615670205933e-07
-1.784142918480738668e-06
-1.102541503215427925e-06
2.841769540582684222e-06
-3.933210872119003828e-07
-4.578491971097888495e-07
-2.052045024301757457e-06
2.764342670050548743e-06
-2.973440830739554494e-06
8.441615474182626876e-06
-6.391267670441897030e-06
8.022963544288490940e-06
-1.126237101965270237e-05
4.550883523320230513e-06
-1.024172455552753545e-05
1.053470026130648205e-05
-1.668009693145375911e-06
1.287084977509835186e-05
-9.082074581954821123e-06
-1.817471464808737951e-06
-3.980692496688597711e-06
-1.672586616257764015e-06
3.293204088579112701e-06
-4.610886410143920868e-06
1.262654218722288568e-05
-8.474704679328056784e-06
7.303106095475745573e-06
-5.147543024477683866e-06
3.840064468926088383e-06
-8.273273904302302082e-06
4.343423700880672642e-07
-1.024818461864037415e-06
1.862812580805223061e-06
-7.378756476000553603e-06
4.604539211737258073e-06
6.599414935889766123e-06
2.874111261946306288e-06
4.391791225384738317e-06
-1.431338368085864167e-05
1.154436604957713092e-05
-8.870003079617486637e-06
-6.529416079909560174e-06
-4.803200580302733820e-07
6.981911838549111104e-06
1.256464423354634450e-06
1.980228909126767982e-05
-1.551837683376647468e-05
4.089594806415624447e-06
-2.827598233395388886e-05
1.714921038479737017e-05
-3.677969487034146165e-06
2.233558790822627452e-05
-1.774945838057027537e-05
1.120067496161831741e-05
-2.066422531908645869e-05
7.003450109659158625e-06
-1.276258569955645015e-05
1.992944825396919940e-05
-3.464157944469354216e-06
1.611038205439707408e-05
-2.000035806965655495e-05
1.331467820149329610e-06
-8.549538097997155637e-06
7.391058310325673177e-06
1.944805806847531097e-06
5.380863387912267905e-06
-4.050647723430300595e-06
-8.959995521108171541e-07
-3.122641831900533864e-07
3.463367740381712463e-06
-2.382362915121310886e-07
2.882383039233959095e-06
1.462869120548717903e-06
-6.481404462801390354e-06
3.274236430388087775e-06
-7.730497881552287690e-06
6.567436732887523506e-06
-5.910365449421896218e-07
-5.926951614349225956e-07
-2.135989487993400290e-06
5.288664557621405331e-06
-1.953006357597008154e-07
-7.483193038959748612e-07
-8.336173833797799331e-06
-1.531566649472329622e-06
1.422765405068179729e-06
7.316141167232801152e-06
2.613892167592858412e-06
-8.458940964805025583e-06
-5.637541684775854899e-06
-7.576566339191517950e-06
1.622487942673899727e-05
-4.154759913446441603e-06
1.008182864707673443e-05
-7.541820407056794789e-06
2.823267059603647109e-08
-4.572678337192237460e-06
6.933781157469762510e-06
6.864641016395678118e-07
2.433908032656687726e-06
-4.860646972089153843e-06
-1.451189294064470106e-07
-3.305452431600444583e-06
4.957024155435100276e-06
5.499351187128098154e-07
-1.105176909452807731e-06
2.417642161467515910e-07
-2.458480865920723745e-06
4.453153609716837787e-06
-3.560541009053706170e-06
7.711875566481158233e-07
-5.471936172512523965e-06
5.396988692486031967e-06
-6.980050090586457971e-06
9.869839688017469957e-06
-2.867040785784282064e-06
-7.378471983448439010e-07
-5.272792086636159044e-06
5.854549361522351066e-06
9.134972633476574547e-06
-6.785641426618992213e-06
3.159848008113569214e-07
-7.795571823085277073e-06
2.897972760331698428e-07
-7.497511007189188634e-07
7.499010693398008334e-06
9.934654423130269738e-06
-3.758328955933375018e-06
-1.839069114424168985e-06
-8.615577510274832637e-06
2.289749182031373859e-06
-9.820836051411851634e-07
3.094223783987136790e-06
-3.987237661163209538e-06
1.096297846097068124e-05
-9.593960906898974940e-06
4.566490606284920117e-06
1.507569539178900806e-05
-6.032114396254840390e-06
-8.905338874077314924e-06
-1.156082826268249399e-05
7.253335765715187513e-07
1.037187261887237633e-05
2.654742100054355807e-06
1.386287656294140361e-05
-1.385511278667244096e-05
2.320115757471192054e-06
-1.497890197997038333e-05
1.555919182214484287e-05
-7.224557322783891956e-06
1.242587625222998612e-05
-4.770129067580129434e-06
2.706166601520875179e-06
-6.627196096778647819e-06
2.370614965939589701e-06
-8.608147650498011814e-06
1.061538807506256448e-05
-6.292139470949207670e-07
1.013687507130152867e-05
-1.106117750772392593e-05
1.841822548344816462e-06
-6.695690807286643057e-06
8.907496227912059482e-06
-2.588945843440505692e-06
2.899447972593049789e-06
-9.826175183659269794e-06
5.810380604382275962e-06
-1.018074495134202163e-05
9.444238898590915173e-06
6.289622473081764077e-07
3.689502206696999436e-06
-5.263187949097203886e-06
6.581151446879859746e-07
-1.434252670170518975e-06
-8.198941567844261543e-07
3.800333097349855049e-06
3.620526586240611553e-07
-2.684170908467992895e-06
3.984809105830009962e-07
-4.135055204837193962e-06
1.534083318426076654e-05
-7.100460119915647589e-06
6.812972186162998297e-06
-2.224820039597810592e-05
1.590498037307463126e-05
-3.501175425135225146e-06
2.122635623886610351e-05
-1.986178899330193795e-05
9.761407098342983504e-06
-1.415995829806126683e-05
6.249720060346821863e-06
-3.151247821797987345e-06
2.792790298413695052e-06
-2.189183467203677115e-06
-6.343488163811195685e-08
5.608459547236957116e-06
-4.698240807901808534e-06
-5.834546140295610982e-06
3.242586097121630070e-06
2.570017440659321246e-06
1.006871480976143485e-05
-5.604696073047536696e-06
-5.302690692133016122e-06
-5.372997375120206427e-07
-1.469087885124057543e-06
3.702772618113266016e-06
-2.586885456275100981e-06
3.390611093819720468e-06
-2.411073435828451132e-06
1.055828042999054345e-05
-1.343895988749246947e-05
4.537985298135104544e-06
-5.426836689854610366e-06
1.494738902649333912e-05
-1.150913919446537275e-05
-8.655413626361546111e-06
6.422890158911429508e-06
1.722273030468701243e-06
6.252670577448285167e-06
1.304739797726701144e-06
-2.902609676637673414e-06
-1.539368069307889842e-05
-2.787969249395934512e-06
5.936669447850622753e-06
8.654840523208222992e-06
1.680816185096560545e-05
-1.420437314418295477e-05
-1.907494822437082988e-06
-1.366400005911966909e-05
1.090323862254675615e-05
-1.125474207398487279e-05
1.472558937468532068e-05
-3.486337339991174243e-06
-9.540481699247262647e-06
8.087933778282245376e-06
1.070327567492757279e-06
1.009708954196192400e-05
-1.778769485250773731e-05
7.748477646321784456e-06
3.164927348217780714e-06
-3.037910912042466787e-06
-1.526740733122795832e-06
-1.148867352662645170e-05
1.380670104768695597e-05
-4.822623123104251459e-06
8.885431024217088164e-06
-1.187583999382003758e-05
4.773086535511982346e-07
-6.707511450791750891e-06
8.269726408274956922e-06
-7.801202499080646657e-07
9.954354932959694609e-06
-1.106509428796033999e-05
-1.194281835412874362e-07
-1.377317826617465761e-05
1.576759794733258483e-05
-4.282237263929718206e-06
6.817501263717893858e-06
-1.233573390139096961e-05
6.993048570790072955e-06
-1.270769135643404455e-06
1.075535727434355422e-05
-9.531961654415645408e-06
8.263991453143303796e-06
-1.388741438202527132e-05
8.550097908358120580e-06
-5.914162762268985768e-06
1.490887341747747599e-05
-1.047235985933430449e-05
2.540358325294009136e-06
-5.307735268402963696e-06
4.504234830475422161e-06
-2.115625643260015898e-06
9.402477518349486801e-06
-8.386191774123529039e-06
5.588633131153585878e-06
-1.682702195569369554e-05
9.454732448581855994e-06
-7.411265790097241373e-06
2.374468461459812061e-05
-1.843038689652714299e-05
3.163651305179508045e-06
-2.029548990743203660e-05
1.824733469739440962e-05
-5.108995116422556984e-06
1.069301966033933294e-05
-6.776283705625653581e-06
-5.762994592667236227e-07
-2.767076158674598915e-06
5.451211120897917711e-06
1.257020047636967480e-07
-2.814852524170821644e-06
1.411972884090623727e-06
7.009330455669455880e-06
-9.600611438009404839e-06
4.456986092001476174e-06
-1.086107103528908910e-05
9.869478020477688050e-06
-4.331445402124542107e-07
1.369681227397570978e-06
-3.010845854152915003e-06
1.769497596971293869e-06
4.575069689713699044e-06
-3.059452734396777292e-06
-2.799146869721437965e-06
-9.495923047239943537e-06
1.179047778897272366e-05
-1.519951700299376570e-06
5.359615086196317025e-06
-1.145722314753555900e-05
6.591328783180319564e-06
4.376563685604863722e-06
-7.475096869756659810e-06
3.416984951852034891e-06
1.930968866686328087e-06
-2.185990210505175290e-07
-1.276145751404369712e-06
8.647014796888156672e-06
-1.139610965346767591e-05
5.001917373894004039e-06
-7.364299429232206771e-06
-5.765064347955811063e-06
8.502388336078423546e-06
2.055668620481651899e-06
1.157980520807583138e-05
-9.721826166606247822e-06
8.160417065300687597e-06
-9.016099872452338802e-06
-5.678428286720467626e-07
-3.736641194886859243e-06
-1.942707989988154692e-06
5.068083449073435442e-06
8.201828383132680214e-06
4.971587147327698451e-06
-1.034133458002557030e-05
-1.278231371230910284e-05
1.231342021143575893e-05
1.011924494083323817e-06
2.035113701644996961e-05
-1.923556704758920004e-05
3.514238710762273093e-06
-1.713481045233918677e-05
1.997926998551998690e-05
-1.196492704964475869e-06
1.234215891002850392e-05
-1.022185991938018512e-05
-6.070297122909766401e-07
-7.175579664361364889e-06
9.424183742397919153e-06
-3.623877591448734198e-07
9.506338647718340742e-06
-1.019770297060458266e-05
3.666243674222520610e-06
-2.403039584951390930e-06
5.637456715204658856e-06
-2.948742183092099220e-06
5.692895784979248129e-07
-7.800905734637975873e-06
7.874682214138199599e-06
-1.520498118727996488e-06
7.386851462221282974e-06
-1.010518474301471007e-05
-2.650388270811314497e-06
-4.443091909757316964e-06
8.482195775338338309e-06
6.396042509926325588e-06
-5.561171156565928320e-06
-1.849986629443542832e-06
-6.068488670621266677e-06
3.480372036550645905e-06
4.984885346055025282e-06
3.128888091918650342e-06
3.847481714095627012e-07
-1.334094502099897824e-06
-7.684197570927078751e-07
-5.427703079717200143e-06
9.224906627707712945e-06
1.267917829129132661e-06
6.737280638147701502e-06
-7.202013539083991702e-06
5.010235643681396634e-07
-3.027401746753375030e-06
2.109204824370054073e-06
3.662744537609736013e-06
-1.951784714039721953e-06
-3.809029760082305171e-06
-6.849444950645258494e-06
1.299232151631948708e-05
-5.892224569654756224e-06
6.697872042356693916e-06
-1.489109383889223351e-05
7.926025473395696078e-06
-4.387641244587154173e-06
1.186822780192877129e-05
-7.699364173125053279e-06
6.644282356016132602e-06
-3.360000655171420368e-06
-3.711901641382805009e-06
-5.709958999695149345e-06
-1.398073264323646848e-06
9.608342391730666834e-06
8.591955411779060459e-06
1.945800534992498678e-08
-9.342415324927328931e-06
-9.908549035705517647e-06
5.587440554532096365e-06
3.427710379741939324e-06
4.522747676064512210e-06
5.058477898732087203e-06
-8.417152536234041393e-06
-6.999752492759942206e-06
-4.221171182988953521e-06
8.668803356126805716e-06
6.753507351426058308e-06
-5.041725637524161860e-06
-6.964590904443878537e-07
1.377150465973772276e-06
3.655941069737341141e-06
-6.138587404757507095e-06
1.207006307343623642e-06
-5.591874753541515774e-06
5.777945227196186420e-06
-9.090943499849264028e-06
6.995541812486971769e-06
6.249532924610132705e-07
7.986232570067592452e-06
2.351826813442723624e-06
-4.452609171748809169e-06
-1.230372271748251292e-05
-2.346251861062907082e-09
9.448837132657693637e-06
1.584085588995743247e-05
-1.505163280777698938e-05
-5.180621218314559974e-07
-2.067666976620619024e-05
1.937397792024601127e-05
-2.215019059753124700e-06
2.063319067055406321e-05
-2.090585771353052410e-05
5.619752015168914956e-07
-1.931204594962513790e-05
1.357494378133918983e-05
1.302118011338189763e-06
1.042046610281062797e-05
-1.152735152228757622e-05
6.096013409178680325e-07
-7.972845815023486523e-06
6.727455124425170535e-06
-2.135723481775339751e-06
2.825113876534543225e-07
-2.649555222672331550e-06
2.406374400857737585e-06
5.873360023134490088e-08
2.426827447762135189e-06
-5.793439896248753428e-06
-1.037169585876658446e-06
-1.282821248086645775e-06
9.109991520364245097e-06
7.866377483935901456e-06
-9.273825361152081411e-06
-9.183597626624783476e-07
-1.421216779484991786e-05
1.833901970739495167e-05
-4.625093175055903647e-06
1.599011598326202760e-05
-1.588627117850153255e-05
-4.248190697870215252e-06
-1.260923596323274901e-05
1.105451634061724326e-05
1.614634874300201657e-07
6.382433017313463067e-06
1.596596803429519647e-06
-1.186737529123464456e-05
-4.962755778823097108e-06
-8.941208690568194800e-06
1.424547868434227118e-05
4.581994753178791979e-06
7.545287584375091871e-06
-9.204725118530148600e-06
-4.944974505714771543e-06
-8.319098556833094124e-06
1.720910812226135174e-05
7.912923528996435886e-06
-5.290497911083848789e-07
-7.660113382896241525e-06
-8.659208582738667825e-06
9.981778857473835889e-06
-1.202608118959388211e-06
4.707182782688601385e-06
-4.515511955419333471e-06
-2.233240209295728552e-07
-9.258050739266370324e-06
2.582101378813906696e-06
6.718722087129461270e-06
1.057422063595654913e-05
-4.229932906711106691e-06
-1.178774787697252368e-05
-1.527036329859117648e-05
1.120314809437213939e-05
6.287951493058999117e-06
1.485953304481858768e-05
-1.340469197113650397e-05
-1.595039028471583782e-06
-8.942774028478532507e-06
9.155246271519366569e-06
-9.399910616027011841e-07
8.829816077926546809e-06
-8.051892682842127217e-06
2.157263714270923867e-06
-6.862389765090796608e-06
1.486978088771779281e-05
-7.500980464226989709e-06
-3.734411503357690254e-07
-1.406504314204464798e-05
1.330637497877216694e-05
-2.405362826585158651e-06
1.783488140594218218e-05
-1.734434280188241589e-05
9.075775146707280814e-06
-1.198437623026341744e-05
4.747864839959227473e-06
-7.884340350415496861e-06
-2.842014862442238844e-06
-8.447763070509546124e-07
7.664653722914110455e-06
-1.888525432306778959e-07
-6.196594880734883405e-06
-1.251904428075070034e-05
9.116937558175056285e-06
-1.825116721719946338e-07
1.595669587432210133e-05
-1.293612607655160972e-05
-3.368265347655989941e-07
-1.478115157095248803e-05
1.330014472982322357e-05
2.186313635756317993e-07
1.356755804022052308e-05
-1.034793224841777586e-05
1.144426853996745495e-06
-5.873977028806142537e-06
8.666877095108335943e-06
-4.157303696620357458e-06
3.152793697096883649e-06
-4.205765149514623475e-07
8.138251805922246987e-07
2.643899183257978183e-06
-6.388443191951208872e-06
1.341215574529204931e-06
-4.309626284674461259e-06
8.222192338617013288e-06
1.584000111270779997e-06
4.230463432867261682e-06
-5.202111610419085754e-06
-6.968460021056607206e-06
-7.427983090091104466e-06
1.290902794869242714e-05
-3.143282952116110464e-06
1.173289355450638684e-05
-1.990358819857328891e-05
7.223237993445907583e-06
-1.497138115577126147e-05
1.653596313221320437e-05
-2.092711549127944920e-07
1.113871217072297530e-05
-1.533949477932681333e-05
6.528247456374191851e-06
-8.754561047196254830e-06
8.809551297891977516e-06
1.051899595043173219e-06
5.061387025294743103e-06
-2.224518368738323653e-06
-4.622208282354283128e-06
-3.835378018812805444e-06
-2.152956554558564995e-06
2.185294010483987575e-07
2.310499489054144353e-06
2.834831748781675801e-06
-9.816129510494412736e-06
-4.296361886231296830e-06
7.110536063444909134e-06
-2.143129849777282360e-06
1.116107818660973669e-06
-1.232979420107464957e-05
1.393441907676640653e-05
5.288070515890169912e-06
-2.173817835639451272e-07
-5.390857127911436608e-06
2.415702878541750067e-06
3.168808012873095197e-06
-5.435912060518798400e-06
-4.659939657425176046e-06
-5.512813274959826026e-06
1.787110950655207940e-05
1.173287011154030583e-05
-3.595835670055020249e-06
-1.171711619573175388e-05
-1.636788224111872340e-05
7.335508490703947477e-06
8.721379537522969830e-06
9.769374653183006836e-06
-1.949864240011101683e-06
-7.566432278972389247e-06
-1.165378174848020965e-05
5.940405911729564582e-06
4.813842317624345926e-06
8.427255399280357182e-06
-6.990812963715871336e-06
-3.320501769174535135e-06
-1.216350811964720433e-06
4.434800181645506023e-06
3.301647392976199268e-07
4.842600134712538384e-06
-9.496352507641081994e-06
5.488011450516827785e-06
-7.185016658474941431e-06
5.020713896307168519e-06
1.824840703944921405e-06
5.389703086622781622e-06
-6.940929143799806470e-07
1.569993955955296032e-06
-2.878714631701144536e-07
-4.957280459605060524e-06
5.989696391585842448e-06
5.641437618897275321e-06
1.438189628169006912e-06
1.470251225908472188e-06
-1.202386263363255029e-05
7.174706286598235901e-06
-2.827051913378752004e-06
1.030308711762868081e-05
-1.133975266272321776e-05
4.027248520286171767e-06
-1.082886190320157284e-05
1.305499416187296808e-05
-5.254455946088368737e-06
2.507071071015055888e-06
-6.748447690468224183e-06
5.957887888275982244e-06
-9.095073460860526220e-07
-4.486703971332197713e-08
-4.140142504451629912e-06
-1.286066169548826370e-06
5.557538720363572378e-06
-1.075483519278253870e-06
2.066084251513811189e-06
-5.786944775070979587e-06
3.442434651311588566e-07
-4.407089877232788512e-06
3.210517576549056312e-06
1.843403768746416140e-06
9.628929931842213844e-06
-1.475833480172233290e-05
9.648077775341061584e-06
-1.265136430115028450e-05
2.390317855531822386e-05
-1.074465457961872654e-05
1.437425266366548041e-05
-1.851694024762880645e-05
6.830910220133201348e-06
-1.159701751953636139e-05
1.870142452870482568e-05
-9.082117503852466989e-06
1.177397334354168162e-05
-1.329750747505185733e-05
2.420894267019961643e-06
-7.411826709399275373e-06
1.939988060630895920e-06
6.686472129210609944e-06
1.218052540748783088e-06
1.272071808677474524e-05
-7.191099720959318495e-06
5.658210773698559400e-06
-2.155143274825371244e-05
1.666165791489173392e-05
-6.072749955071686465e-06
1.569145854259677557e-05
-1.222596142867292170e-05
5.554222044142216869e-06
-6.941681418931089215e-06
2.509438669957758410e-06
-9.098209553802848122e-06
1.424024788246861282e-05
-7.967357439126647125e-06
3.294726228992992650e-06
-8.414014452776431637e-06
8.702502976809713418e-06
5.184873342025924475e-06
-1.689869474107020629e-06
-1.304703887854328056e-05
-1.409339136349345740e-05
1.885800738650290974e-05
1.579505901199135534e-06
1.765036027005434109e-05
-1.843917614260921030e-05
2.426652651590621114e-07
-1.015415679241049427e-05
7.823747928200382111e-06
1.730700442521756117e-06
1.214929853530049781e-05
-8.752995946716658694e-06
-2.235052813813203966e-06
-1.028684408307103499e-05
1.034469932792347092e-05
-4.192133948093707221e-07
3.470542099682505682e-06
-1.121628252170303914e-05
6.179780887959282938e-06
-4.526056011585694431e-07
7.162709072804206037e-06
-8.161809237276566301e-06
-1.761967558815511969e-06
1.747841211421392232e-06
-1.642405237612560233e-07
2.394677363467572632e-06
3.631145313709489406e-06
-6.574889919885285695e-06
-1.829823326266053339e-05
-9.703985265465793567e-07
1.754718766013405485e-05
1.303706671084314573e-06
1.094969865384787368e-05
-9.447066774511616059e-06
7.425986892719169957e-06
-1.438888517120081975e-05
1.237936017505683047e-06
-3.467859597514216920e-06
1.136161049395507331e-05
-1.846487500832008485e-06
7.746729095218274531e-06
-1.360789190511690277e-05
3.752579686775327031e-06
4.843077484574887521e-07
1.617126664840418782e-06
-1.031879052551601039e-06
7.198054690507745559e-07
-3.949501888090769866e-06
3.900885311316805539e-06
-5.105910961577476310e-07
-2.253874363141579012e-07
-1.332806484336192021e-07
-4.610804775263019855e-06
1.062521788688738667e-05
-2.652948866673474055e-07
-9.005433306198638234e-06
1.607650231412391655e-05
-9.051260521603307155e-06
8.166670234770218395e-06
-1.614497456377209992e-05
5.244862624555414232e-06
8.699300857291949297e-06
-8.783935040300555169e-06
-1.014897131244921361e-06
-1.041794226613633126e-05
9.962360687579937111e-06
-2.853267596790025559e-06
9.384592732322957786e-06
-1.370878668289075055e-05
5.810754480625477465e-06
-9.687952091551764244e-06
9.959823674026527408e-06
-1.825326539784045399e-06
1.001247608201030131e-05
4.363495504729710857e-06
-1.101678218037451251e-05
-4.663782056549281652e-06
-1.107077194681408891e-05
9.961523195972618084e-06
-1.831639630789888230e-06
1.735705825591664475e-05
-1.085467752916884472e-05
2.250346944418893695e-06
-1.450516491426854845e-05
1.013456780911350743e-05
-1.444500828602078149e-06
-9.838510750074738951e-06
1.517414121158277201e-05
-3.092120433120666103e-06
1.104154923649045194e-05
-1.257713415321002854e-05
9.999016940837960737e-06
-5.954223862826780439e-06
-1.608077880669181356e-06
-1.299560069019453075e-05
-3.664185113785292819e-06
1.751589568971020686e-05
9.888966625871281014e-06
-7.065593216287974805e-06
-5.305635099433661411e-06
-2.946045630619559678e-06
1.307626535226175113e-05
-8.569455850474791197e-06
-2.255604854046082490e-06
4.307621450643045120e-06
4.647648216557334733e-07
-4.380625409653860507e-06
4.307478759660960111e-07
3.093783652182768871e-06
4.112721050660802107e-06
6.559954336794364684e-06
-7.946335651390831474e-06
-4.386127654695471616e-07
-1.657260715949021330e-07
2.535861015538031384e-06
-6.843828212071744404e-06
1.722436442679589939e-05
-8.690418735020441165e-06
1.660285779347033325e-05
-1.442829851082294956e-05
-2.104982900464847848e-06
5.893561658650251345e-07
-2.394713433341882873e-06
7.557311027136945878e-07
1.152349496916675256e-05
2.186779306283362241e-06
-1.637296418070520476e-05
-2.879913964849591401e-07
-7.196239191132294046e-06
5.844524278047439656e-06
-6.059553222324862872e-06
1.172450066676942082e-05
-1.039820183407005080e-06
5.893178602609543389e-06
-1.317487870050360945e-05
3.390074167736475609e-06
-7.454472861441043354e-06
9.287887598474944665e-06
-1.160493016348029552e-06
6.167582419532767103e-07
-1.090682936486187097e-06
2.226653883993109179e-06
-2.370502211658265810e-06
5.795440381624687936e-06
-5.054173331092403420e-06
-3.387901528105824306e-06
6.885518390882313121e-06
-1.337076496439384101e-06
1.845317688254455196e-05
-2.191791838770182834e-05
-7.988324179392623876e-07
-2.443350322156958780e-06
-5.037899337898731713e-06
4.485558896247989077e-06
2.058100473592677167e-06
1.528062901088085313e-05
-1.261417070063437800e-05
-2.061284535395621371e-05
9.272713030228651681e-06
8.224962360455659538e-06
1.566939859865163224e-05
-1.064557099439283589e-05
-2.094206743776725190e-06
-1.081523903967810585e-05
1.466322895754630361e-05
-2.878352213814197315e-06
9.752205088875148746e-06
-1.645089728823301010e-05
5.192276702466139818e-06
-8.715595397492797167e-06
-6.937522137386055392e-07
7.714452868210941826e-06
5.231460815213922895e-07
5.780005813766733746e-06
-5.430520377256714136e-06
8.269130033753982299e-06
-1.251770519388139889e-05
-7.461551919862855126e-08
-1.455276273621050056e-05
1.883288871953779983e-05
5.926434659148919579e-06
9.830208400289840596e-06
1.109703324134263541e-06
-2.476604180323702592e-05
9.873708421814827020e-06
-1.026526749622354008e-05
1.180694623669501001e-05
-5.739587143252146162e-06
-8.175952484198836912e-06
6.122096365604852308e-06
5.676775840205642697e-06
2.068411101592776421e-05
-2.279656174643784861e-05
1.102219853534931510e-06
-4.698967704169777568e-06
2.662332914852535776e-07
-1.381638121573809404e-05
-8.776156570012467204e-06
2.106313801459793413e-05
1.062967113394660363e-05
-9.554667815593498206e-06
-4.622225302626159858e-06
2.532193034394270980e-06
-1.149293737793241902e-07
-9.698394038847730421e-07
-1.147454357939475357e-05
-6.822088306967309946e-06
1.528789181184495754e-05
9.821477895984056486e-06
5.916492429956535440e-07
-1.071407395291324043e-05
-1.906854635073880103e-07
-1.550021306875082168e-05
1.522320939490830496e-05
-1.550736606465212441e-05
1.422354374900487515e-05
4.981410469255223769e-07
-3.417621995179234670e-06
7.755906637205348713e-06
5.696430993947365149e-06
9.231560632923626083e-07
-1.079930395089157017e-05
4.403594974878989222e-06
-6.435167451716515768e-06
1.059187809243255422e-05
-4.791670300511194179e-06
6.423166445940439411e-06
-5.853918368741292432e-06
-4.691477170082812589e-06
-5.827311415893245898e-06
-3.116275249781985503e-07
8.089909248332897418e-06
5.343611172193604037e-06
4.648608709609821359e-06
-1.116319805982236053e-05
-1.550951285443704925e-06
-8.125160016864634243e-07
-1.191082005500147507e-06
6.164517652605976786e-06
-1.345464640982092739e-05
8.552480768088904125e-06
-1.689187756770511898e-06
3.861362679529245487e-06
-4.986376614565079713e-06
-1.544708689033338155e-05
9.987748361899475815e-06
2.780961498366264269e-06
1.329899861947260143e-05
-5.296487669309274682e-06
1.176983230056628665e-06
-1.951376026732643402e-05
3.984821960446308846e-06
1.178977608201010047e-05
2.927655610459518231e-05
-2.221552083472407016e-05
-1.972383402301127508e-06
-2.087110259130501289e-05
2.581317337094497219e-05
-6.005338666610197656e-06
9.318612328224759196e-06
-1.750683290168263619e-05
4.630673885095639771e-06
-4.015006937552039070e-06
1.069899326024708976e-05
-1.698572858101219736e-06
7.033174955136137412e-06
-6.946347433691177508e-06
-3.381932010730462620e-06
-1.512296208113419106e-06
4.467720704713315402e-06
8.245285673437588739e-07
-6.626243584070669546e-06
3.460449582922752200e-06
-3.744426920957847221e-06
1.205258253718727146e-05
-7.383434912333179475e-06
7.527434196389695381e-07
-4.147981366020352814e-06
-8.813522806701513869e-06
1.582266580729679641e-05
-8.731388613171056656e-06
1.180857442524931291e-05
-9.367161898063342321e-06
-4.373798962539269240e-06
1.248411720345945976e-05
-4.041148469639181760e-06
4.764790542837492279e-06
-2.057460802756528768e-05
1.355630758196358340e-05
-7.325329824414770607e-06
1.080899492680156485e-05
-6.172148207464157767e-07
1.460112775897946311e-05
7.533827804498558761e-07
-1.152202158728087997e-05
-8.982675230468645250e-06
6.657436195446566884e-06
2.661866078227082187e-06
-8.356366732029343094e-07
3.021601500566270265e-06
-3.328210291682214648e-06
8.468491544283382634e-06
-1.689961083663504080e-06
-4.297889165904040325e-06
-3.841625661589127091e-06
1.243317544070060348e-06
-6.412707624766094871e-07
-2.118978964614438851e-06
8.518499509773054431e-06
-1.145022935172615916e-05
8.723412551000669674e-06
-6.967496719688387333e-06
7.121910094458190544e-06
6.735978665265110696e-06
-9.284039203063189060e-06
-6.452965396863464679e-06
-1.063219366072126540e-06
4.705242284533477376e-06
2.593457091913902089e-06
2.657349456872243818e-06
-4.874704498634572632e-06
4.424513045503237037e-06
-1.869468914761967495e-06
-1.165455841827955128e-06
6.487184195006885388e-06
1.515259342246105660e-06
1.137625705087569620e-05
-1.533303263428310043e-05
-2.349146320661857549e-06
-1.473891493426107143e-05
1.831156720799087385e-05
-3.008791546445176728e-07
9.609587900485963994e-06
-6.748776601178598390e-06
-9.843552794496050175e-07
9.055891122145747017e-06
-7.096062271929129665e-06
-8.255356471452236764e-06
-2.160639796220180343e-06
1.228275915777329314e-05
1.631609400763317779e-05
-3.845771564858164933e-06
-6.964789511649033455e-06
-1.418892604770165324e-05
1.400508422452706743e-06
4.422562261682016550e-06
9.042096537760759082e-06
-8.533389603557960069e-08
-5.745792883436206534e-06
-1.432493569091122738e-05
1.107394349312422340e-05
1.354726811342905282e-07
1.468781052432703250e-05
-2.254463675109733098e-05
7.578622417856976329e-06
-4.163592428672938343e-06
1.574884047317913355e-05
-1.210793194173780834e-05
-1.597559013525899503e-06
-4.347226737915240665e-06
5.221269445142653377e-06
-1.100026123502181326e-06
4.707255575667430743e-06
-3.356083855238182198e-06
-6.073672675970873458e-07
-5.959409643511870904e-06
7.312612773608008448e-06
3.472350021273480533e-06
5.254971876680871050e-06
-6.503149830817602113e-06
-7.615031103976014678e-06
-1.095227635613064333e-06
4.266171858412507694e-06
4.342283123647800418e-06
1.235043444935352897e-05
-1.678566858311894135e-05
-5.716722297692870974e-07
-1.364851012238563286e-05
1.818832048012369366e-05
9.508035922389308130e-06
-1.018036771116640582e-05
-3.703010196273211416e-07
-1.181527080645852388e-05
1.683340900021023536e-05
-4.101204424580985581e-06
7.435277324463385572e-06
-1.499258511723300388e-05
8.992359364668038002e-06
-1.141823005433708795e-05
8.548090481229894945e-06
-3.613388867452326981e-06
1.319380116464715031e-05
-1.218861215973006302e-05
9.798404329245691223e-07
-7.915934678468485982e-07
-3.756407770171853842e-06
3.943146357773049610e-06
-9.374788381309510606e-06
1.074353293890218536e-05
-3.809190278689588138e-06
9.292640084211884347e-07
-5.749709280293767942e-07
3.602436208860109090e-06
5.635492048624379787e-06
-1.418042446037076835e-05
7.279710445121146499e-06
-6.671654887059311307e-06
7.646468325013434529e-06
-3.943819460210074455e-06
-7.701152573483743764e-06
6.524149002849958193e-06
4.513578906083017491e-06
-3.284922618777701795e-06
9.228065724402017474e-07
-3.126944776381714426e-06
4.389622981200293337e-06
-2.887032355256973072e-06
3.144680994044918182e-07
2.589887152344986306e-06
2.766703641123382304e-06
-5.549938176046397500e-06
-7.282210406577519109e-06
-7.348371820406434017e-06
1.825844403702305956e-05
8.101617131870946444e-06
1.605809077477650415e-05
-2.242412315630643946e-05
-4.034265937822889184e-06
-1.668842516673834018e-05
2.109778176092885098e-05
3.018048141038836231e-07
-3.414178540890485673e-06
2.832096569908024511e-06
1.500590862393468754e-05
-6.821983133319864822e-06
-7.524462467748049553e-06
-1.794314222296894412e-05
1.291464551615689710e-06
9.804162425037400363e-06
1.006320829234736278e-05
5.829057111106248188e-06
-1.093637528914552921e-05
-3.449062095743091389e-06
-4.075858436982644419e-06
4.026041321759649156e-06
1.447012754589148527e-05
-1.272966319037755303e-05
3.179320079324277973e-06
-7.345181437271285909e-06
1.515237616181542951e-05
-8.783888396685754195e-06
-4.264461098863751383e-06
-4.428989866231457417e-06
5.583858591709894341e-06
4.146217190768209858e-06
2.724643744402357167e-07
-1.910861083178171009e-06
-1.014470117444247885e-05
6.875097096462407239e-06
4.681243581131925145e-06
1.075903515541030231e-05
-7.228498177477120921e-06
-1.097469716401685132e-05
-1.547724960010162209e-05
1.294182668649284606e-05
4.913755654811830827e-06
2.309849748751387614e-05
-1.506663921250871552e-05
-9.100041037769866347e-06
-1.835422957761242472e-05
3.263367904932412173e-06
1.827175952547862502e-05
4.046918492793416515e-06
8.518079141345419461e-06
-1.542876638813977063e-05
-6.705568273694088668e-06
1.220264646071381694e-05
-3.314957963063837169e-06
8.048463409751566231e-06
-1.864905117857851633e-05
7.810280742724277775e-06
4.993919619486904893e-06
5.881965014205545362e-06
-7.626819018955409684e-06
-6.881872761358443907e-06
-2.472717134830302944e-06
7.729364113866932934e-06
1.275911869348058648e-06
3.802565813933239932e-06
-2.776058381113244170e-06
-5.199267478649079977e-06
8.230048684509561440e-06
-8.603405407008081010e-07
1.806687534225681816e-05
-1.327716253275634425e-05
-5.057535435958189260e-06
-1.651130292319390226e-05
9.892229623238750968e-06
5.950061539247809158e-06
5.483566582061947340e-06
5.910745905376975381e-06
-1.070546654844286739e-05
-4.386369622548209221e-07
-1.159775707715745770e-05
8.756443129769712173e-06
6.138907559877885061e-06
-6.829754078713517570e-06
2.051771993200875490e-07
1.026368264731634810e-05
-8.163957441306582077e-06
9.399581063989048387e-06
-1.040597464210459513e-05
8.015107397721992432e-06
-1.037360127135905233e-05
-9.612500393096720070e-06
-1.048576193569923515e-07
1.132820775333369189e-05
1.286371332073797429e-05
1.054841065635568459e-05
-2.867586133149516761e-05
-1.528482270461550406e-05
-1.510534290684518518e-05
2.997526724663883728e-05
9.913395743349077675e-06
1.201898740394701648e-05
-2.685965833137823349e-05
-9.102839656831003033e-06
1.068362296098307400e-05
-3.187142116749611707e-07
-7.211622248084726947e-06
1.885523903276524052e-06
-1.202734148775385113e-06
1.961558111293200979e-05
1.448429039716985823e-06
-1.190002593407704764e-05
-1.313801331670840654e-05
-3.722725841836282390e-06
1.777971588609459285e-05
2.218310751254731075e-05
-4.085664442942024395e-06
-1.771105158388538062e-05
-2.933888717290489214e-05
1.295157631442687926e-05
1.201903561527558869e-05
1.132244023887622834e-05
-1.227110514945340241e-05
-3.065437913551866217e-07
2.663390204755945804e-07
4.977986628952612864e-06
3.854856948684270732e-06
1.446523127928020493e-06
-9.547522441273240175e-07
-2.470203792950068015e-06
6.710272469497198092e-06
-1.130305842114061603e-05
-2.368558215353967669e-06
-1.141281992127297497e-05
1.799691716684108955e-05
7.884700403570573207e-06
1.457883491164070015e-05
-1.596016213482470702e-05
-6.413939471669224048e-06
-2.853700507030165943e-05
1.520069086320296984e-05
1.618206006333680329e-05
2.605016674751496874e-05
-1.010180891587451053e-05
-1.711134526331969347e-05
-6.477084420960665825e-06
-2.296896145828330327e-06
7.597213817256626752e-06
1.693545743743705500e-07
-7.609549607777736977e-07
8.189520725691789394e-07
6.130966316031178049e-06
4.282442643381549025e-06
-1.073610389919547600e-05
-1.318934629484794910e-05
1.782090653762733824e-06
1.121662190961601833e-05
1.253960363624976993e-05
-4.408117245801376145e-06
-8.984037588242303366e-06
-8.569593693432400120e-06
1.165285684209693847e-05
-1.613960065166142553e-06
8.726885367282217194e-06
-2.180653175210455893e-05
5.500723988174057541e-06
-1.614798802741915012e-05
2.119602385772131510e-05
-6.637944412486622298e-06
1.374652621134975930e-05
-2.035800562275857646e-05
1.348543258286721723e-05
-3.230099118657270650e-06
2.789445489061376089e-06
-3.664656394791467840e-06
-1.531549036603076523e-06
9.696937346568177012e-06
-9.495945588550832927e-07
4.068264564728754399e-06
4.597367338341367107e-06
-1.126246148140175417e-05
-1.652478658964521476e-05
1.165807090998804324e-05
-5.122015352823602364e-07
7.761813620030636143e-06
-1.046416831063361044e-06
-6.380166498890125475e-07
1.414258962301457497e-05
-3.469462775845803639e-06
-1.214462582922517115e-05
-5.294183601524343229e-06
-1.829438571754390472e-05
2.672608794898147287e-05
9.459070290349643557e-06
1.601681663085551522e-05
-2.573189617428658254e-05
-6.019283792976206089e-06
-2.243186626771974341e-06
1.080379873504878399e-05
1.550863322315122923e-05
-1.949558730866053521e-05
2.832548788705380173e-06
1.101753688894452808e-05
-1.830253488199411969e-05
8.309288483724001462e-06
-3.618923883415288260e-05
2.910854648514029239e-05
4.621332493512567735e-06
1.915688451149895043e-06
9.988548281776000204e-06
-1.296621063766263725e-05
1.673347021481545949e-05
-1.921795786393888498e-05
2.378037896270745792e-06
-1.109267343231515627e-05
5.771708507689792916e-06
7.061718914057463011e-06
1.108574006918954140e-05
3.062320661339124652e-06
-1.360101998760149299e-05
-1.433407627561522727e-05
1.087899890849728648e-05
-2.121304994023638605e-06
1.200290282093920152e-05
-1.393913045972725458e-05
1.333860896375710439e-06
-9.657880535888651604e-06
1.268324097329982366e-05
4.130570768434298933e-06
1.351390540290887336e-05
-2.744696626961675380e-05
9.182044938691573274e-06
-1.587597713461134558e-05
2.378943166865013731e-05
-8.292251558376659493e-06
2.990155423828206997e-05
-2.747731327505946626e-05
-2.616180513445760802e-06
-3.120199647771628181e-05
2.307689287510143449e-05
7.661064669678114105e-06
1.984954593906635334e-05
-1.706011372198402829e-05
2.844656876783058144e-07
-1.351601357143314221e-05
1.317968236467129497e-05
-2.595682482615158701e-06
-2.040512908429755731e-06
-8.536171533635615721e-06
1.616206755152889028e-05
6.295267154704234801e-06
3.594731333519353719e-07
-1.317563972962670456e-05
-8.609520186170498907e-06
7.208445290250621861e-06
1.063842525467156160e-05
9.576278265429708647e-06
-2.013314761829973376e-05
-2.280605257394579008e-06
4.452355313816914075e-06
2.135637911222597381e-05
-3.961743792358270527e-06
3.349790721410424946e-07
-1.440425508714486435e-05
-2.138629506120291637e-06
-9.709796438565615332e-06
1.518509032831571560e-05
5.538267350006671572e-06
-1.719287869604348410e-06
-2.990413635647374370e-07
-1.599968044612880481e-06
3.156094904570620144e-06
-3.190350361818928199e-06
-3.868564988900181884e-06
-1.258917463307564712e-05
-4.618940014234377018e-06
2.289343634554447032e-05
3.093210124052808788e-05
-2.196916167411766576e-05
-9.274800719682681745e-06
-2.246039275556667119e-05
-1.255586041307860191e-05
3.485511223396102752e-05
-3.965728044997185288e-06
1.489248701029128725e-05
-8.478363443244815029e-06
-7.524363595548971884e-06
1.648728948189472678e-05
-9.912377688086822269e-06
1.171065348134667500e-05
-2.309467187835079953e-05
1.205365453088804746e-05
-7.292701441611514703e-06
4.478989555448137320e-06
1.398450142053701907e-06
-1.595107600796739669e-05
2.404015660105900796e-05
-5.076199806089788170e-06
-5.046906518643749323e-06
9.113005108891024592e-06
-1.636735758341304351e-06
3.092545180333678068e-05
-2.119262950085614876e-05
-9.536271841151007652e-06
-8.220999614295094439e-07
-2.197117625168669062e-05
2.078271385155358139e-05
-1.960970315291597386e-05
2.822308694765029622e-05
-9.625020377560626413e-06
1.448302954630216069e-05
-1.185929312551889625e-05
1.012538261755340391e-06
-1.205980762744505140e-05
4.689413889882966871e-06
5.001200205456802617e-06
9.738571632315535690e-06
-1.251182557181092384e-05
-4.649103137725796206e-08
-5.501514756089233573e-06
3.084453334425868882e-06
3.588094014590602292e-06
3.167242945505251096e-06
-4.680145820251320678e-06
-1.564715680515609017e-06
-6.310888679868206354e-06
2.703483804993834328e-05
-1.610141817544278402e-05
4.581939397304589444e-06
-1.661547833188399900e-05
9.914695570924158624e-06
-1.141056287987292101e-05
2.045748848938668099e-05
-8.753322562766972250e-06
1.935276598671172927e-05
-1.790443572938030123e-05
-2.837123205591752162e-06
-1.805542861827200791e-05
1.220296864662432583e-05
7.404902496402804594e-06
1.222285831636218059e-05
-1.087754995158108501e-05
-3.883572381688856368e-06
8.841524875810263768e-06
-1.373099635532295919e-07
-6.273943535067113208e-06
-1.056488738923485868e-05
3.213922953585295942e-06
1.886209906589453593e-06
8.823370349615117865e-06
-4.019494213499844609e-06
4.096618912090491788e-06
-9.873855918867257550e-06
1.703215856287116194e-05
-7.699672527881461581e-06
-9.734006489137445950e-06
-9.184425952954301849e-06
1.278601418065687854e-05
8.481671125954725362e-06
9.475282750516478384e-07
-6.547485343081635634e-06
8.498661777589166673e-06
-1.025491329832985032e-05
-3.647209356996515680e-06
-3.441117126381033585e-06
8.660183339067081116e-06
-8.178974091028988954e-06
4.106591426698831635e-07
-3.204045015792375258e-06
5.277044416402813944e-06
1.008881486277860771e-05
1.306770616085051484e-05
-2.699851926300381253e-05
-2.290990313547892584e-05
8.927393255168237742e-06
1.050048007120563409e-05
1.649262119660491164e-05
3.195227166966504398e-05
-4.383193557128028570e-05
1.050593579023693469e-06
-2.879921879295320672e-05
1.898549477153756474e-05
-8.053174939329097787e-06
1.185077261208428176e-05
1.095386280727568184e-06
1.047047798603686238e-05
-1.202106472321755451e-05
-4.223311766737005469e-07
-1.471267076458198449e-06
3.931259094545523107e-06
4.392030753873187320e-06
3.179324995627447627e-07
-5.384493495492037715e-06
1.129881684814136753e-06
9.794963630914913977e-06
-1.102308621782284830e-05
-2.387644011925248290e-06
-1.769263612419875287e-05
6.844593963705767218e-06
8.588633490641921762e-06
-5.625370754424340599e-06
2.333218921057205177e-05
-1.322957971324448498e-05
1.795734312711151978e-05
-2.128088631372990400e-05
6.157656581363790780e-06
-1.043038599541859292e-05
1.673824940235072199e-06
7.605701000869572606e-06
6.870893476858700179e-06
4.615093358221034856e-06
-1.349492741937600280e-05
8.789728277110123465e-07
-6.357886804437065325e-06
1.404556666923430111e-05
-6.990257673518904133e-06
1.793556244956641719e-05
-9.466578488636661327e-06
7.794205852929595265e-06
-1.442990319165399661e-05
-6.551704094111978727e-07
-5.813583840153055838e-06
2.229617574856786337e-07
1.028934590788120022e-05
1.070290051772698352e-05
-1.340571389170048261e-05
1.155330793419720046e-06
-3.181380062273152492e-07
3.817675266975874867e-06
-5.550969747594372691e-07
-1.528549781905909436e-05
9.677819419201256872e-06
5.979978009968995190e-06
1.464078794811893823e-05
-5.409927938545557816e-06
-9.726256439202603937e-06
-1.138405372718642809e-05
6.650658695782040429e-06
5.155455903718708134e-06
3.359641690497383910e-06
-3.548279760307409257e-06
1.799945732971848966e-06
5.194284939147366870e-06
-5.082776775581566883e-06
-7.175679229665945461e-06
-1.276978278728650089e-05
5.115878868718256422e-06
1.198070309305207179e-05
8.236614029557924520e-06
-1.048486438683024345e-05
-4.546651326213486884e-06
2.334303000495561405e-06
2.676310571210034969e-06
-3.769362352437005136e-06
-2.473790873806082466e-06
9.553221133313254565e-06
-7.388559812278358942e-06
-1.897549861034904077e-06
-3.326539510564155075e-07
3.057700665135086238e-06
-9.217803676896056741e-07
-2.615808432373956257e-07
7.069323587691587503e-06
2.157781061950800122e-06
-3.771570754533016683e-06
3.471487417660575709e-07
-2.294306352293233023e-07
-2.832380048072571054e-06
3.606340740903807524e-06
3.483452954460068483e-06
-4.488236567786003219e-06
4.674913709272654385e-06
-5.720588568441998681e-06
-4.622464851745316866e-06
4.244656223329635057e-06
6.512780797443316969e-06
6.007237389414312457e-06
4.881051882934075211e-06
1.966710334678872086e-06
-9.540735442815027393e-06
-7.738923161619326967e-06
-1.028240083320706564e-05
1.360999180000165514e-05
1.712636488286689452e-06
4.932666613163392788e-06
-1.246181494328292547e-05
-3.220511367947979117e-06
-3.794978847608673758e-06
5.998174647726586191e-06
-8.987844981181548127e-07
3.017522832853212198e-06
2.825632673372574998e-06
3.170436205809244800e-06
3.972256701687045807e-06
-1.610112830597583655e-06
-4.516944006725336838e-06
5.699763820432651393e-06
-1.201108254648344329e-05
5.656948411406665132e-06
-2.210986136488506969e-06
3.724714176047475204e-06
-3.905591082647156864e-06
-4.021495599512621985e-06
9.429345980587136990e-06
-3.838359244930278847e-06
1.306515482429394192e-06
-5.956239700272412837e-06
3.602081411076632138e-06
-1.091558671030760214e-05
8.268242350484814959e-06
-4.915269266250920254e-07
1.806006011809737963e-05
-1.463216368711980386e-05
-7.022701789834192924e-06
-1.977409265376177278e-05
1.858865413226076042e-05
6.749834160234676812e-06
1.204929798527650182e-05
-1.213667099378509822e-05
-3.003865133483079610e-06
-1.590906396185137896e-05
1.658981518825154719e-05
9.888585682953684574e-07
9.180768923168924916e-06
-8.160395287720026490e-06
-4.507779393839082230e-06
5.229515339835719471e-06
-6.360899659541390514e-06
2.216558417964721735e-06
-4.322273046237059060e-06
2.091163890793993089e-06
4.682397233809261917e-07
-2.788334424722256936e-06
1.856170379380211414e-06
1.017497170628553190e-06
3.787210157517583112e-06
2.051676043706995324e-06
-7.715492211142242968e-06
-1.491040341511610344e-06
5.839510893482683604e-06
8.899077338869389338e-07
1.977509259733838789e-06
-1.045793812724282507e-05
4.686805646848610235e-06
-1.901485827286100484e-06
1.149571584308333945e-05
-4.121641234612862142e-06
-1.582505322309735516e-06
-2.963971119097423050e-06
4.132215600264515532e-06
6.107147245799960476e-06
-1.077638945530846170e-05
6.642118273212784004e-06
-6.169253572001466310e-07
1.185697539559449171e-06
-3.796626507237072569e-08
-1.345283806089770645e-07
2.693802065185001863e-06
-4.467962337416485572e-06
-6.440924577983560398e-07
-2.040758413105890373e-06
2.594600208471575872e-06
-4.294427942690956295e-05
